|    | eta| max_depth| gamma| colsample_bytree| min_child_weight| subsample| nrounds|     RMSE|  Rsquared|       MAE|    RMSESD| RsquaredSD|     MAESD|
|:---|---:|---------:|-----:|----------------:|----------------:|---------:|-------:|--------:|---------:|---------:|---------:|----------:|---------:|
|1   | 0.3|         1|     0|              0.6|                1|      0.50|      50| 17.10546| 0.7439259| 12.420488| 0.3903406|  0.0115851| 0.3524778|
|4   | 0.3|         1|     0|              0.6|                1|      0.75|      50| 17.14247| 0.7428893| 12.419686| 0.4011191|  0.0128494| 0.2598242|
|7   | 0.3|         1|     0|              0.6|                1|      1.00|      50| 17.12019| 0.7438975| 12.428255| 0.4054925|  0.0112881| 0.3197583|
|10  | 0.3|         1|     0|              0.8|                1|      0.50|      50| 17.00898| 0.7469464| 12.320465| 0.3883818|  0.0113892| 0.2616919|
|13  | 0.3|         1|     0|              0.8|                1|      0.75|      50| 17.04411| 0.7460213| 12.348052| 0.3275052|  0.0099122| 0.2887968|
|16  | 0.3|         1|     0|              0.8|                1|      1.00|      50| 17.07420| 0.7453121| 12.376107| 0.3825932|  0.0114978| 0.2798039|
|55  | 0.4|         1|     0|              0.6|                1|      0.50|      50| 16.97512| 0.7475575| 12.368416| 0.4987499|  0.0143316| 0.3430912|
|58  | 0.4|         1|     0|              0.6|                1|      0.75|      50| 16.83280| 0.7517528| 12.198662| 0.4577954|  0.0141442| 0.3131209|
|61  | 0.4|         1|     0|              0.6|                1|      1.00|      50| 16.79448| 0.7531335| 12.182320| 0.4478863|  0.0126816| 0.3457118|
|64  | 0.4|         1|     0|              0.8|                1|      0.50|      50| 16.71654| 0.7554005| 12.161522| 0.4157430|  0.0128081| 0.3056665|
|67  | 0.4|         1|     0|              0.8|                1|      0.75|      50| 16.77742| 0.7536097| 12.170358| 0.5023581|  0.0156272| 0.3393059|
|70  | 0.4|         1|     0|              0.8|                1|      1.00|      50| 16.72327| 0.7553950| 12.123425| 0.3771089|  0.0106016| 0.2658328|
|19  | 0.3|         2|     0|              0.6|                1|      0.50|      50| 14.68906| 0.8112377| 10.348503| 0.3553237|  0.0108986| 0.2056739|
|22  | 0.3|         2|     0|              0.6|                1|      0.75|      50| 14.73875| 0.8096439| 10.378010| 0.4645957|  0.0135882| 0.2469808|
|25  | 0.3|         2|     0|              0.6|                1|      1.00|      50| 14.68077| 0.8112346| 10.326087| 0.4649777|  0.0137302| 0.2510655|
|28  | 0.3|         2|     0|              0.8|                1|      0.50|      50| 14.65788| 0.8118079| 10.289354| 0.4560748|  0.0141374| 0.2399876|
|31  | 0.3|         2|     0|              0.8|                1|      0.75|      50| 14.66762| 0.8116906| 10.321425| 0.4118298|  0.0119642| 0.2310195|
|34  | 0.3|         2|     0|              0.8|                1|      1.00|      50| 14.59494| 0.8135371| 10.257338| 0.4061904|  0.0116518| 0.2002370|
|73  | 0.4|         2|     0|              0.6|                1|      0.50|      50| 14.46153| 0.8164688| 10.167673| 0.5115271|  0.0146050| 0.2541080|
|76  | 0.4|         2|     0|              0.6|                1|      0.75|      50| 14.41957| 0.8175249| 10.116244| 0.5939957|  0.0160279| 0.2973621|
|79  | 0.4|         2|     0|              0.6|                1|      1.00|      50| 14.38057| 0.8187273| 10.085767| 0.5314416|  0.0143061| 0.2873611|
|82  | 0.4|         2|     0|              0.8|                1|      0.50|      50| 14.31806| 0.8200688| 10.027491| 0.5340445|  0.0150310| 0.2707179|
|85  | 0.4|         2|     0|              0.8|                1|      0.75|      50| 14.43380| 0.8173301| 10.114276| 0.4552613|  0.0120753| 0.2787366|
|88  | 0.4|         2|     0|              0.8|                1|      1.00|      50| 14.23648| 0.8224660|  9.949341| 0.4253580|  0.0118152| 0.2309567|
|37  | 0.3|         3|     0|              0.6|                1|      0.50|      50| 13.20025| 0.8471894|  9.066116| 0.4897059|  0.0128743| 0.1927805|
|40  | 0.3|         3|     0|              0.6|                1|      0.75|      50| 12.97860| 0.8524069|  8.890207| 0.4821275|  0.0124442| 0.1882394|
|43  | 0.3|         3|     0|              0.6|                1|      1.00|      50| 13.04771| 0.8507937|  8.911852| 0.4768134|  0.0124184| 0.2285402|
|46  | 0.3|         3|     0|              0.8|                1|      0.50|      50| 13.07150| 0.8500895|  8.955642| 0.5391217|  0.0144319| 0.2715307|
|49  | 0.3|         3|     0|              0.8|                1|      0.75|      50| 13.02594| 0.8512851|  8.894147| 0.4858155|  0.0122380| 0.2250533|
|52  | 0.3|         3|     0|              0.8|                1|      1.00|      50| 12.96937| 0.8526162|  8.841707| 0.3831262|  0.0107926| 0.1592351|
|91  | 0.4|         3|     0|              0.6|                1|      0.50|      50| 13.04514| 0.8504810|  8.916545| 0.4449520|  0.0116538| 0.2020788|
|94  | 0.4|         3|     0|              0.6|                1|      0.75|      50| 12.88933| 0.8540827|  8.736586| 0.4958138|  0.0132845| 0.2956043|
|97  | 0.4|         3|     0|              0.6|                1|      1.00|      50| 12.86385| 0.8547033|  8.695489| 0.5517718|  0.0135908| 0.2183066|
|100 | 0.4|         3|     0|              0.8|                1|      0.50|      50| 12.87430| 0.8544412|  8.795160| 0.4999246|  0.0121572| 0.2096158|
|103 | 0.4|         3|     0|              0.8|                1|      0.75|      50| 12.84065| 0.8550949|  8.706541| 0.5617878|  0.0143848| 0.2701998|
|106 | 0.4|         3|     0|              0.8|                1|      1.00|      50| 12.66634| 0.8592349|  8.583769| 0.4135378|  0.0107287| 0.2248416|
|2   | 0.3|         1|     0|              0.6|                1|      0.50|     100| 16.37455| 0.7651768| 11.897831| 0.4276050|  0.0124926| 0.3207334|
|5   | 0.3|         1|     0|              0.6|                1|      0.75|     100| 16.41480| 0.7642089| 11.881278| 0.4307213|  0.0135457| 0.2805505|
|8   | 0.3|         1|     0|              0.6|                1|      1.00|     100| 16.42141| 0.7641234| 11.893276| 0.3803650|  0.0111019| 0.2886741|
|11  | 0.3|         1|     0|              0.8|                1|      0.50|     100| 16.29280| 0.7675972| 11.791184| 0.4131092|  0.0120204| 0.2461927|
|14  | 0.3|         1|     0|              0.8|                1|      0.75|     100| 16.34515| 0.7661060| 11.837606| 0.3572417|  0.0105907| 0.2660476|
|17  | 0.3|         1|     0|              0.8|                1|      1.00|     100| 16.40733| 0.7644927| 11.874052| 0.3993612|  0.0121524| 0.2800143|
|56  | 0.4|         1|     0|              0.6|                1|      0.50|     100| 16.18419| 0.7702931| 11.746180| 0.5074355|  0.0148397| 0.3371359|
|59  | 0.4|         1|     0|              0.6|                1|      0.75|     100| 16.11783| 0.7724068| 11.691946| 0.5191535|  0.0153266| 0.3346096|
|62  | 0.4|         1|     0|              0.6|                1|      1.00|     100| 16.13663| 0.7719347| 11.677181| 0.4575995|  0.0131086| 0.3198108|
|65  | 0.4|         1|     0|              0.8|                1|      0.50|     100| 15.94366| 0.7770922| 11.561074| 0.4556516|  0.0133496| 0.3155396|
|68  | 0.4|         1|     0|              0.8|                1|      0.75|     100| 16.07025| 0.7737617| 11.626522| 0.5248555|  0.0158420| 0.3066785|
|71  | 0.4|         1|     0|              0.8|                1|      1.00|     100| 16.05981| 0.7742242| 11.608985| 0.3725503|  0.0103763| 0.2420063|
|20  | 0.3|         2|     0|              0.6|                1|      0.50|     100| 13.74003| 0.8344661|  9.554213| 0.4108250|  0.0118347| 0.2186982|
|23  | 0.3|         2|     0|              0.6|                1|      0.75|     100| 13.66948| 0.8360754|  9.493563| 0.5136351|  0.0139177| 0.2556936|
|26  | 0.3|         2|     0|              0.6|                1|      1.00|     100| 13.63147| 0.8371250|  9.445113| 0.4879177|  0.0134410| 0.2605471|
|29  | 0.3|         2|     0|              0.8|                1|      0.50|     100| 13.70352| 0.8352728|  9.486635| 0.4289491|  0.0126139| 0.2511679|
|32  | 0.3|         2|     0|              0.8|                1|      0.75|     100| 13.65494| 0.8365498|  9.443633| 0.4343001|  0.0116956| 0.2312443|
|35  | 0.3|         2|     0|              0.8|                1|      1.00|     100| 13.59930| 0.8379207|  9.399571| 0.4561973|  0.0119151| 0.2086590|
|74  | 0.4|         2|     0|              0.6|                1|      0.50|     100| 13.55452| 0.8385748|  9.402966| 0.5391474|  0.0141195| 0.2942802|
|77  | 0.4|         2|     0|              0.6|                1|      0.75|     100| 13.47666| 0.8404887|  9.323619| 0.5567128|  0.0141313| 0.2791024|
|80  | 0.4|         2|     0|              0.6|                1|      1.00|     100| 13.36630| 0.8432665|  9.224813| 0.5267758|  0.0136049| 0.2258973|
|83  | 0.4|         2|     0|              0.8|                1|      0.50|     100| 13.39723| 0.8423099|  9.274428| 0.6048602|  0.0155986| 0.2848122|
|86  | 0.4|         2|     0|              0.8|                1|      0.75|     100| 13.43274| 0.8416151|  9.254362| 0.4871374|  0.0125121| 0.2446444|
|89  | 0.4|         2|     0|              0.8|                1|      1.00|     100| 13.28543| 0.8451471|  9.134074| 0.4614454|  0.0122672| 0.2357961|
|38  | 0.3|         3|     0|              0.6|                1|      0.50|     100| 12.34101| 0.8662698|  8.309286| 0.3923762|  0.0097503| 0.1653246|
|41  | 0.3|         3|     0|              0.6|                1|      0.75|     100| 12.11818| 0.8710115|  8.135041| 0.5254679|  0.0122117| 0.2112590|
|44  | 0.3|         3|     0|              0.6|                1|      1.00|     100| 12.21146| 0.8691354|  8.162253| 0.4475756|  0.0106215| 0.1994706|
|47  | 0.3|         3|     0|              0.8|                1|      0.50|     100| 12.26923| 0.8677467|  8.266744| 0.4839516|  0.0118849| 0.2107566|
|50  | 0.3|         3|     0|              0.8|                1|      0.75|     100| 12.15109| 0.8703125|  8.142962| 0.5048509|  0.0121174| 0.2348665|
|53  | 0.3|         3|     0|              0.8|                1|      1.00|     100| 12.07750| 0.8720506|  8.076235| 0.4459330|  0.0106921| 0.1568042|
|92  | 0.4|         3|     0|              0.6|                1|      0.50|     100| 12.26069| 0.8678857|  8.293969| 0.4307262|  0.0105734| 0.2440350|
|95  | 0.4|         3|     0|              0.6|                1|      0.75|     100| 12.02738| 0.8728729|  8.028060| 0.4714531|  0.0115452| 0.2582753|
|98  | 0.4|         3|     0|              0.6|                1|      1.00|     100| 12.08230| 0.8717175|  8.010657| 0.5138469|  0.0120406| 0.2140541|
|101 | 0.4|         3|     0|              0.8|                1|      0.50|     100| 12.17528| 0.8698043|  8.193952| 0.4420796|  0.0102173| 0.2434145|
|104 | 0.4|         3|     0|              0.8|                1|      0.75|     100| 11.97331| 0.8738496|  7.982943| 0.5613519|  0.0132667| 0.2681611|
|107 | 0.4|         3|     0|              0.8|                1|      1.00|     100| 11.86200| 0.8763641|  7.877924| 0.4277785|  0.0105181| 0.2110379|
|3   | 0.3|         1|     0|              0.6|                1|      0.50|     150| 15.91509| 0.7780408| 11.547218| 0.4213620|  0.0123756| 0.2778196|
|6   | 0.3|         1|     0|              0.6|                1|      0.75|     150| 15.98069| 0.7764313| 11.550608| 0.4364430|  0.0132784| 0.2692892|
|9   | 0.3|         1|     0|              0.6|                1|      1.00|     150| 16.01398| 0.7755511| 11.596792| 0.3839262|  0.0111052| 0.2642439|
|12  | 0.3|         1|     0|              0.8|                1|      0.50|     150| 15.85058| 0.7799149| 11.460045| 0.4412877|  0.0124493| 0.2654237|
|15  | 0.3|         1|     0|              0.8|                1|      0.75|     150| 15.91611| 0.7781635| 11.516510| 0.3917641|  0.0115429| 0.2623553|
|18  | 0.3|         1|     0|              0.8|                1|      1.00|     150| 16.02230| 0.7753617| 11.596102| 0.4112260|  0.0121982| 0.2609079|
|57  | 0.4|         1|     0|              0.6|                1|      0.50|     150| 15.73044| 0.7830854| 11.404144| 0.5405483|  0.0150472| 0.3465681|
|60  | 0.4|         1|     0|              0.6|                1|      0.75|     150| 15.64924| 0.7853487| 11.321708| 0.5302316|  0.0151955| 0.3492412|
|63  | 0.4|         1|     0|              0.6|                1|      1.00|     150| 15.70220| 0.7841023| 11.351252| 0.4699178|  0.0131563| 0.3187282|
|66  | 0.4|         1|     0|              0.8|                1|      0.50|     150| 15.51134| 0.7889513| 11.211867| 0.4788641|  0.0134974| 0.3120009|
|69  | 0.4|         1|     0|              0.8|                1|      0.75|     150| 15.61620| 0.7862704| 11.267709| 0.5484257|  0.0157963| 0.3176777|
|72  | 0.4|         1|     0|              0.8|                1|      1.00|     150| 15.63613| 0.7859882| 11.286438| 0.3781211|  0.0105913| 0.2326126|
|21  | 0.3|         2|     0|              0.6|                1|      0.50|     150| 13.22442| 0.8465776|  9.121991| 0.3926118|  0.0106990| 0.2067505|
|24  | 0.3|         2|     0|              0.6|                1|      0.75|     150| 13.17675| 0.8475574|  9.058625| 0.5187046|  0.0133841| 0.2771628|
|27  | 0.3|         2|     0|              0.6|                1|      1.00|     150| 13.12768| 0.8488614|  8.987925| 0.4684803|  0.0124617| 0.2433726|
|30  | 0.3|         2|     0|              0.8|                1|      0.50|     150| 13.13307| 0.8485248|  9.017555| 0.4551116|  0.0123915| 0.2440780|
|33  | 0.3|         2|     0|              0.8|                1|      0.75|     150| 13.10553| 0.8492423|  8.971273| 0.4939538|  0.0123523| 0.2623526|
|36  | 0.3|         2|     0|              0.8|                1|      1.00|     150| 13.06668| 0.8502629|  8.935977| 0.4613062|  0.0118026| 0.2310978|
|75  | 0.4|         2|     0|              0.6|                1|      0.50|     150| 13.05287| 0.8502928|  8.985884| 0.4737755|  0.0125304| 0.2030086|
|78  | 0.4|         2|     0|              0.6|                1|      0.75|     150| 12.94786| 0.8527337|  8.885031| 0.5221478|  0.0127047| 0.2648855|
|81  | 0.4|         2|     0|              0.6|                1|      1.00|     150| 12.88112| 0.8543552|  8.816456| 0.5010474|  0.0123609| 0.2468241|
|84  | 0.4|         2|     0|              0.8|                1|      0.50|     150| 12.93915| 0.8528536|  8.884172| 0.5500783|  0.0137286| 0.2676809|
|87  | 0.4|         2|     0|              0.8|                1|      0.75|     150| 12.92273| 0.8533193|  8.824366| 0.5103057|  0.0125735| 0.2626946|
|90  | 0.4|         2|     0|              0.8|                1|      1.00|     150| 12.83083| 0.8555196|  8.740393| 0.4416850|  0.0110849| 0.2261030|
|39  | 0.3|         3|     0|              0.6|                1|      0.50|     150| 11.95138| 0.8745239|  7.970025| 0.3617339|  0.0088898| 0.1439060|
|42  | 0.3|         3|     0|              0.6|                1|      0.75|     150| 11.68835| 0.8799880|  7.769898| 0.4919674|  0.0110086| 0.2034281|
|45  | 0.3|         3|     0|              0.6|                1|      1.00|     150| 11.72696| 0.8792212|  7.738875| 0.4713295|  0.0106961| 0.1982006|
|48  | 0.3|         3|     0|              0.8|                1|      0.50|     150| 11.78356| 0.8780147|  7.875187| 0.4206642|  0.0098752| 0.2071900|
|51  | 0.3|         3|     0|              0.8|                1|      0.75|     150| 11.69619| 0.8797617|  7.751637| 0.4757157|  0.0111403| 0.2023334|
|54  | 0.3|         3|     0|              0.8|                1|      1.00|     150| 11.61757| 0.8814931|  7.670855| 0.4628054|  0.0105356| 0.1569204|
|93  | 0.4|         3|     0|              0.6|                1|      0.50|     150| 11.90422| 0.8754212|  7.971153| 0.4703624|  0.0111983| 0.2410107|
|96  | 0.4|         3|     0|              0.6|                1|      0.75|     150| 11.61241| 0.8815429|  7.689464| 0.4407602|  0.0105609| 0.2122274|
|99  | 0.4|         3|     0|              0.6|                1|      1.00|     150| 11.63778| 0.8809742|  7.637934| 0.4896173|  0.0110787| 0.2239276|
|102 | 0.4|         3|     0|              0.8|                1|      0.50|     150| 11.82560| 0.8771989|  7.913468| 0.4222314|  0.0093743| 0.2156689|
|105 | 0.4|         3|     0|              0.8|                1|      0.75|     150| 11.57398| 0.8822010|  7.641201| 0.5033689|  0.0118120| 0.2169875|
|108 | 0.4|         3|     0|              0.8|                1|      1.00|     150| 11.50440| 0.8836958|  7.557041| 0.4040992|  0.0096200| 0.2127276|
