|    |   eta| max_depth| gamma| colsample_bytree| min_child_weight| subsample| nrounds|      RMSE|  Rsquared|      MAE|    RMSESD| RsquaredSD|     MAESD|
|:---|-----:|---------:|-----:|----------------:|----------------:|---------:|-------:|---------:|---------:|--------:|---------:|----------:|---------:|
|1   | 0.040|         8|     0|                1|                1|         1|     200| 10.227392| 0.9084531| 6.157015| 0.2448025|  0.0045332| 0.0742155|
|41  | 0.050|         8|     0|                1|                1|         1|     200| 10.181880| 0.9091763| 6.069157| 0.2436727|  0.0044324| 0.0759625|
|81  | 0.075|         8|     0|                1|                1|         1|     200| 10.047700| 0.9114644| 5.908936| 0.2338952|  0.0041696| 0.0745283|
|11  | 0.040|         9|     0|                1|                1|         1|     200| 10.061605| 0.9112635| 5.885427| 0.2620443|  0.0048236| 0.0616875|
|51  | 0.050|         9|     0|                1|                1|         1|     200| 10.012179| 0.9121166| 5.848256| 0.2774350|  0.0049807| 0.0636186|
|91  | 0.075|         9|     0|                1|                1|         1|     200|  9.980861| 0.9125765| 5.767283| 0.3047677|  0.0056327| 0.1042875|
|21  | 0.040|        10|     0|                1|                1|         1|     200|  9.979024| 0.9126498| 5.740595| 0.3555961|  0.0063554| 0.1192752|
|61  | 0.050|        10|     0|                1|                1|         1|     200|  9.979485| 0.9125961| 5.709703| 0.3655377|  0.0065333| 0.1195303|
|101 | 0.075|        10|     0|                1|                1|         1|     200|  9.943889| 0.9131934| 5.692739| 0.3850249|  0.0068883| 0.1404967|
|31  | 0.040|        11|     0|                1|                1|         1|     200| 10.060929| 0.9111479| 5.702516| 0.3628037|  0.0066964| 0.1562335|
|71  | 0.050|        11|     0|                1|                1|         1|     200| 10.006052| 0.9121109| 5.662849| 0.3394947|  0.0061251| 0.1216558|
|111 | 0.075|        11|     0|                1|                1|         1|     200| 10.025449| 0.9117493| 5.659025| 0.3889645|  0.0069678| 0.1416885|
|2   | 0.040|         8|     0|                1|                1|         1|     400| 10.030103| 0.9117862| 5.908800| 0.3018595|  0.0053822| 0.0983848|
|42  | 0.050|         8|     0|                1|                1|         1|     400|  9.977902| 0.9126632| 5.815122| 0.3023785|  0.0053690| 0.1133822|
|82  | 0.075|         8|     0|                1|                1|         1|     400|  9.930947| 0.9134548| 5.733929| 0.2607621|  0.0045622| 0.0937633|
|12  | 0.040|         9|     0|                1|                1|         1|     400|  9.932336| 0.9134285| 5.718080| 0.3138654|  0.0055916| 0.0975789|
|52  | 0.050|         9|     0|                1|                1|         1|     400|  9.894781| 0.9140905| 5.691312| 0.2954623|  0.0051775| 0.0811372|
|92  | 0.075|         9|     0|                1|                1|         1|     400|  9.925505| 0.9135095| 5.648621| 0.3160468|  0.0057300| 0.1125021|
|22  | 0.040|        10|     0|                1|                1|         1|     400|  9.911934| 0.9137585| 5.639043| 0.3728088|  0.0065866| 0.1210604|
|62  | 0.050|        10|     0|                1|                1|         1|     400|  9.932644| 0.9133783| 5.615827| 0.3724782|  0.0065777| 0.1268148|
|102 | 0.075|        10|     0|                1|                1|         1|     400|  9.913962| 0.9136870| 5.624095| 0.3928748|  0.0069748| 0.1442492|
|32  | 0.040|        11|     0|                1|                1|         1|     400| 10.021087| 0.9118162| 5.635812| 0.3766486|  0.0068703| 0.1628502|
|72  | 0.050|        11|     0|                1|                1|         1|     400|  9.987351| 0.9124163| 5.613776| 0.3432476|  0.0061435| 0.1169818|
|112 | 0.075|        11|     0|                1|                1|         1|     400| 10.010855| 0.9119948| 5.614065| 0.3918205|  0.0069836| 0.1426679|
|3   | 0.040|         8|     0|                1|                1|         1|     600|  9.939087| 0.9133383| 5.785189| 0.3092383|  0.0054123| 0.1068884|
|43  | 0.050|         8|     0|                1|                1|         1|     600|  9.923694| 0.9135743| 5.721606| 0.3198159|  0.0056223| 0.1242489|
|83  | 0.075|         8|     0|                1|                1|         1|     600|  9.896128| 0.9140393| 5.664636| 0.2787238|  0.0048693| 0.1091244|
|13  | 0.040|         9|     0|                1|                1|         1|     600|  9.893549| 0.9140841| 5.653439| 0.3276733|  0.0057788| 0.1068393|
|53  | 0.050|         9|     0|                1|                1|         1|     600|  9.865882| 0.9145736| 5.631633| 0.2993832|  0.0052126| 0.0891263|
|93  | 0.075|         9|     0|                1|                1|         1|     600|  9.914895| 0.9136854| 5.612386| 0.3182512|  0.0057588| 0.1124596|
|23  | 0.040|        10|     0|                1|                1|         1|     600|  9.891682| 0.9140952| 5.596530| 0.3784952|  0.0066571| 0.1246400|
|63  | 0.050|        10|     0|                1|                1|         1|     600|  9.924292| 0.9135185| 5.584611| 0.3696746|  0.0065032| 0.1256106|
|103 | 0.075|        10|     0|                1|                1|         1|     600|  9.909523| 0.9137570| 5.603594| 0.3926825|  0.0069696| 0.1398051|
|33  | 0.040|        11|     0|                1|                1|         1|     600| 10.016787| 0.9118857| 5.613677| 0.3785722|  0.0068879| 0.1643438|
|73  | 0.050|        11|     0|                1|                1|         1|     600|  9.982834| 0.9124922| 5.594000| 0.3447738|  0.0061589| 0.1144824|
|113 | 0.075|        11|     0|                1|                1|         1|     600| 10.008180| 0.9120406| 5.599927| 0.3912314|  0.0069651| 0.1402428|
|4   | 0.040|         8|     0|                1|                1|         1|     800|  9.908327| 0.9138549| 5.724096| 0.3074265|  0.0053458| 0.1056706|
|44  | 0.050|         8|     0|                1|                1|         1|     800|  9.900707| 0.9139595| 5.673969| 0.3301997|  0.0057732| 0.1308217|
|84  | 0.075|         8|     0|                1|                1|         1|     800|  9.887601| 0.9141829| 5.634636| 0.2785411|  0.0048472| 0.1040424|
|14  | 0.040|         9|     0|                1|                1|         1|     800|  9.874865| 0.9144005| 5.616358| 0.3302392|  0.0057966| 0.1110993|
|54  | 0.050|         9|     0|                1|                1|         1|     800|  9.855465| 0.9147451| 5.603225| 0.3029121|  0.0052660| 0.0933522|
|94  | 0.075|         9|     0|                1|                1|         1|     800|  9.912076| 0.9137325| 5.596726| 0.3156738|  0.0057096| 0.1110206|
|24  | 0.040|        10|     0|                1|                1|         1|     800|  9.885992| 0.9141843| 5.574189| 0.3844407|  0.0067531| 0.1269725|
|64  | 0.050|        10|     0|                1|                1|         1|     800|  9.921864| 0.9135560| 5.568204| 0.3693185|  0.0064954| 0.1271429|
|104 | 0.075|        10|     0|                1|                1|         1|     800|  9.908900| 0.9137654| 5.595605| 0.3918694|  0.0069538| 0.1375688|
|34  | 0.040|        11|     0|                1|                1|         1|     800| 10.018486| 0.9118529| 5.601557| 0.3781056|  0.0068753| 0.1626178|
|74  | 0.050|        11|     0|                1|                1|         1|     800|  9.981723| 0.9125110| 5.585307| 0.3461388|  0.0061742| 0.1153751|
|114 | 0.075|        11|     0|                1|                1|         1|     800| 10.008500| 0.9120335| 5.595580| 0.3929683|  0.0069959| 0.1418899|
|5   | 0.040|         8|     0|                1|                1|         1|    1000|  9.889099| 0.9141789| 5.686639| 0.3063380|  0.0053030| 0.1057104|
|45  | 0.050|         8|     0|                1|                1|         1|    1000|  9.890580| 0.9141239| 5.648068| 0.3384991|  0.0059062| 0.1376948|
|85  | 0.075|         8|     0|                1|                1|         1|    1000|  9.887225| 0.9141872| 5.621310| 0.2760712|  0.0048073| 0.1028730|
|15  | 0.040|         9|     0|                1|                1|         1|    1000|  9.865202| 0.9145637| 5.595181| 0.3297073|  0.0057756| 0.1102080|
|55  | 0.050|         9|     0|                1|                1|         1|    1000|  9.854500| 0.9147581| 5.588195| 0.3033506|  0.0052627| 0.0950740|
|95  | 0.075|         9|     0|                1|                1|         1|    1000|  9.911605| 0.9137395| 5.589922| 0.3155414|  0.0057027| 0.1114522|
|25  | 0.040|        10|     0|                1|                1|         1|    1000|  9.881997| 0.9142500| 5.561794| 0.3821671|  0.0067108| 0.1262413|
|65  | 0.050|        10|     0|                1|                1|         1|    1000|  9.920171| 0.9135837| 5.559362| 0.3695231|  0.0064936| 0.1257008|
|105 | 0.075|        10|     0|                1|                1|         1|    1000|  9.909251| 0.9137582| 5.592661| 0.3914508|  0.0069461| 0.1378490|
|35  | 0.040|        11|     0|                1|                1|         1|    1000| 10.019720| 0.9118285| 5.595269| 0.3802482|  0.0069092| 0.1639356|
|75  | 0.050|        11|     0|                1|                1|         1|    1000|  9.981264| 0.9125186| 5.580662| 0.3457755|  0.0061644| 0.1143839|
|115 | 0.075|        11|     0|                1|                1|         1|    1000| 10.009349| 0.9120180| 5.593434| 0.3933764|  0.0070038| 0.1415550|
|6   | 0.040|         8|     0|                1|                1|         1|    1200|  9.878250| 0.9143596| 5.660781| 0.3093897|  0.0053414| 0.1047558|
|46  | 0.050|         8|     0|                1|                1|         1|    1200|  9.886365| 0.9141914| 5.629613| 0.3420407|  0.0059567| 0.1412362|
|86  | 0.075|         8|     0|                1|                1|         1|    1200|  9.887361| 0.9141831| 5.613931| 0.2766304|  0.0048141| 0.1016635|
|16  | 0.040|         9|     0|                1|                1|         1|    1200|  9.863442| 0.9145916| 5.580461| 0.3273773|  0.0057267| 0.1112141|
|56  | 0.050|         9|     0|                1|                1|         1|    1200|  9.854952| 0.9147495| 5.579611| 0.3014965|  0.0052249| 0.0932094|
|96  | 0.075|         9|     0|                1|                1|         1|    1200|  9.913028| 0.9137138| 5.587000| 0.3155254|  0.0057012| 0.1104737|
|26  | 0.040|        10|     0|                1|                1|         1|    1200|  9.881079| 0.9142653| 5.555429| 0.3799029|  0.0066674| 0.1241314|
|66  | 0.050|        10|     0|                1|                1|         1|    1200|  9.921172| 0.9135653| 5.555793| 0.3697981|  0.0064988| 0.1258929|
|106 | 0.075|        10|     0|                1|                1|         1|    1200|  9.909260| 0.9137574| 5.591058| 0.3912720|  0.0069416| 0.1377284|
|36  | 0.040|        11|     0|                1|                1|         1|    1200| 10.021224| 0.9118009| 5.592147| 0.3809608|  0.0069236| 0.1639698|
|76  | 0.050|        11|     0|                1|                1|         1|    1200|  9.981375| 0.9125168| 5.577764| 0.3448734|  0.0061477| 0.1142235|
|116 | 0.075|        11|     0|                1|                1|         1|    1200| 10.009696| 0.9120113| 5.592379| 0.3935395|  0.0070077| 0.1418935|
|7   | 0.040|         8|     0|                1|                1|         1|    1400|  9.871938| 0.9144630| 5.642742| 0.3143558|  0.0054184| 0.1080006|
|47  | 0.050|         8|     0|                1|                1|         1|    1400|  9.884899| 0.9142135| 5.618303| 0.3430053|  0.0059646| 0.1406861|
|87  | 0.075|         8|     0|                1|                1|         1|    1400|  9.889621| 0.9141426| 5.609439| 0.2762301|  0.0048026| 0.1016988|
|17  | 0.040|         9|     0|                1|                1|         1|    1400|  9.863020| 0.9145964| 5.571575| 0.3297929|  0.0057660| 0.1142201|
|57  | 0.050|         9|     0|                1|                1|         1|    1400|  9.855206| 0.9147442| 5.574357| 0.3010645|  0.0052130| 0.0927169|
|97  | 0.075|         9|     0|                1|                1|         1|    1400|  9.913524| 0.9137048| 5.585001| 0.3154990|  0.0057004| 0.1104539|
|27  | 0.040|        10|     0|                1|                1|         1|    1400|  9.880828| 0.9142689| 5.551473| 0.3797558|  0.0066633| 0.1226073|
|67  | 0.050|        10|     0|                1|                1|         1|    1400|  9.921296| 0.9135624| 5.552991| 0.3690497|  0.0064857| 0.1247808|
|107 | 0.075|        10|     0|                1|                1|         1|    1400|  9.909689| 0.9137496| 5.590458| 0.3915861|  0.0069470| 0.1379454|
|37  | 0.040|        11|     0|                1|                1|         1|    1400| 10.021540| 0.9117949| 5.589559| 0.3812331|  0.0069289| 0.1635302|
|77  | 0.050|        11|     0|                1|                1|         1|    1400|  9.981386| 0.9125167| 5.576487| 0.3444576|  0.0061401| 0.1141866|
|117 | 0.075|        11|     0|                1|                1|         1|    1400| 10.009948| 0.9120068| 5.591751| 0.3932093|  0.0070022| 0.1414705|
|8   | 0.040|         8|     0|                1|                1|         1|    1600|  9.868562| 0.9145182| 5.631302| 0.3167084|  0.0054476| 0.1081920|
|48  | 0.050|         8|     0|                1|                1|         1|    1600|  9.883412| 0.9142372| 5.611196| 0.3440642|  0.0059832| 0.1422200|
|88  | 0.075|         8|     0|                1|                1|         1|    1600|  9.889741| 0.9141400| 5.605925| 0.2760441|  0.0047989| 0.1015880|
|18  | 0.040|         9|     0|                1|                1|         1|    1600|  9.861803| 0.9146148| 5.564908| 0.3313417|  0.0057902| 0.1150993|
|58  | 0.050|         9|     0|                1|                1|         1|    1600|  9.856143| 0.9147265| 5.571115| 0.3006529|  0.0052079| 0.0923031|
|98  | 0.075|         9|     0|                1|                1|         1|    1600|  9.914047| 0.9136951| 5.583612| 0.3162407|  0.0057130| 0.1106318|
|28  | 0.040|        10|     0|                1|                1|         1|    1600|  9.879746| 0.9142869| 5.548060| 0.3788080|  0.0066460| 0.1207317|
|68  | 0.050|        10|     0|                1|                1|         1|    1600|  9.920715| 0.9135721| 5.550421| 0.3687606|  0.0064788| 0.1241864|
|108 | 0.075|        10|     0|                1|                1|         1|    1600|  9.909788| 0.9137477| 5.589868| 0.3913619|  0.0069427| 0.1376788|
|38  | 0.040|        11|     0|                1|                1|         1|    1600| 10.021707| 0.9117920| 5.588150| 0.3809246|  0.0069239| 0.1630085|
|78  | 0.050|        11|     0|                1|                1|         1|    1600|  9.981459| 0.9125152| 5.575637| 0.3448195|  0.0061453| 0.1144750|
|118 | 0.075|        11|     0|                1|                1|         1|    1600| 10.010132| 0.9120035| 5.591377| 0.3931506|  0.0070012| 0.1412195|
|9   | 0.040|         8|     0|                1|                1|         1|    1800|  9.866375| 0.9145532| 5.621795| 0.3189228|  0.0054837| 0.1095497|
|49  | 0.050|         8|     0|                1|                1|         1|    1800|  9.882458| 0.9142515| 5.604962| 0.3449865|  0.0059961| 0.1428684|
|89  | 0.075|         8|     0|                1|                1|         1|    1800|  9.889782| 0.9141388| 5.603764| 0.2770087|  0.0048149| 0.1026418|
|19  | 0.040|         9|     0|                1|                1|         1|    1800|  9.862514| 0.9146013| 5.561377| 0.3308255|  0.0057805| 0.1144117|
|59  | 0.050|         9|     0|                1|                1|         1|    1800|  9.855805| 0.9147312| 5.568315| 0.3007729|  0.0052093| 0.0921064|
|99  | 0.075|         9|     0|                1|                1|         1|    1800|  9.914680| 0.9136837| 5.582855| 0.3161993|  0.0057126| 0.1104233|
|29  | 0.040|        10|     0|                1|                1|         1|    1800|  9.880325| 0.9142765| 5.546604| 0.3782987|  0.0066381| 0.1198067|
|69  | 0.050|        10|     0|                1|                1|         1|    1800|  9.920551| 0.9135744| 5.548716| 0.3681784|  0.0064700| 0.1239116|
|109 | 0.075|        10|     0|                1|                1|         1|    1800|  9.909838| 0.9137467| 5.589462| 0.3914036|  0.0069436| 0.1376048|
|39  | 0.040|        11|     0|                1|                1|         1|    1800| 10.021586| 0.9117935| 5.586889| 0.3814687|  0.0069332| 0.1625706|
|79  | 0.050|        11|     0|                1|                1|         1|    1800|  9.981532| 0.9125136| 5.575219| 0.3449641|  0.0061485| 0.1144066|
|119 | 0.075|        11|     0|                1|                1|         1|    1800| 10.010268| 0.9120011| 5.591253| 0.3931695|  0.0070015| 0.1411565|
|10  | 0.040|         8|     0|                1|                1|         1|    2000|  9.866858| 0.9145435| 5.616471| 0.3183457|  0.0054718| 0.1092553|
|50  | 0.050|         8|     0|                1|                1|         1|    2000|  9.882451| 0.9142505| 5.600628| 0.3451054|  0.0059961| 0.1424347|
|90  | 0.075|         8|     0|                1|                1|         1|    2000|  9.890194| 0.9141315| 5.602764| 0.2764824|  0.0048032| 0.1019636|
|20  | 0.040|         9|     0|                1|                1|         1|    2000|  9.862585| 0.9145989| 5.558687| 0.3309805|  0.0057843| 0.1141566|
|60  | 0.050|         9|     0|                1|                1|         1|    2000|  9.856476| 0.9147186| 5.567124| 0.3010438|  0.0052137| 0.0921409|
|100 | 0.075|         9|     0|                1|                1|         1|    2000|  9.915045| 0.9136771| 5.582602| 0.3162664|  0.0057142| 0.1104332|
|30  | 0.040|        10|     0|                1|                1|         1|    2000|  9.880521| 0.9142725| 5.545285| 0.3783551|  0.0066393| 0.1196856|
|70  | 0.050|        10|     0|                1|                1|         1|    2000|  9.921047| 0.9135655| 5.548062| 0.3680218|  0.0064687| 0.1234605|
|110 | 0.075|        10|     0|                1|                1|         1|    2000|  9.909998| 0.9137437| 5.589270| 0.3915099|  0.0069454| 0.1375944|
|40  | 0.040|        11|     0|                1|                1|         1|    2000| 10.021721| 0.9117911| 5.586347| 0.3814230|  0.0069323| 0.1623780|
|80  | 0.050|        11|     0|                1|                1|         1|    2000|  9.981553| 0.9125130| 5.574819| 0.3451425|  0.0061518| 0.1144443|
|120 | 0.075|        11|     0|                1|                1|         1|    2000| 10.010385| 0.9119990| 5.591201| 0.3931506|  0.0070012| 0.1410760|
