|   |  eta| max_depth| gamma| colsample_bytree| min_child_weight| subsample| nrounds|      RMSE|  Rsquared|      MAE|    RMSESD| RsquaredSD|     MAESD|
|:--|----:|---------:|-----:|----------------:|----------------:|---------:|-------:|---------:|---------:|--------:|---------:|----------:|---------:|
|1  | 0.05|         8|     0|                1|                1|         1|     200| 10.098911| 0.9105902| 6.044421| 0.2267384|  0.0045158| 0.1473502|
|11 | 0.05|         8|     0|                1|                2|         1|     200| 10.125224| 0.9101306| 6.029494| 0.1659718|  0.0033369| 0.1453788|
|21 | 0.05|         8|     0|                1|                3|         1|     200| 10.143083| 0.9098070| 6.085821| 0.1377210|  0.0026335| 0.1236953|
|31 | 0.05|         9|     0|                1|                1|         1|     200|  9.933817| 0.9134747| 5.803094| 0.1334316|  0.0030227| 0.1020541|
|41 | 0.05|         9|     0|                1|                2|         1|     200|  9.974950| 0.9127356| 5.835412| 0.1837037|  0.0037979| 0.1282117|
|51 | 0.05|         9|     0|                1|                3|         1|     200| 10.039199| 0.9116075| 5.890334| 0.1499666|  0.0030493| 0.1238495|
|61 | 0.05|        10|     0|                1|                1|         1|     200|  9.960985| 0.9129448| 5.692912| 0.2421196|  0.0049516| 0.1508780|
|71 | 0.05|        10|     0|                1|                2|         1|     200|  9.959239| 0.9129571| 5.693157| 0.2511542|  0.0050483| 0.1662103|
|81 | 0.05|        10|     0|                1|                3|         1|     200|  9.992743| 0.9123960| 5.762857| 0.2048781|  0.0040605| 0.1341019|
|2  | 0.05|         8|     0|                1|                1|         1|     400|  9.898951| 0.9140195| 5.796612| 0.2497775|  0.0048240| 0.1399815|
|12 | 0.05|         8|     0|                1|                2|         1|     400|  9.931945| 0.9134534| 5.782402| 0.1690283|  0.0033915| 0.1387287|
|22 | 0.05|         8|     0|                1|                3|         1|     400|  9.934202| 0.9134211| 5.834995| 0.1051261|  0.0021422| 0.0895625|
|32 | 0.05|         9|     0|                1|                1|         1|     400|  9.805313| 0.9156533| 5.627487| 0.1385677|  0.0030217| 0.1002940|
|42 | 0.05|         9|     0|                1|                2|         1|     400|  9.848563| 0.9148781| 5.670520| 0.1862039|  0.0037831| 0.1299556|
|52 | 0.05|         9|     0|                1|                3|         1|     400|  9.878124| 0.9143699| 5.695230| 0.1378403|  0.0028108| 0.1069345|
|62 | 0.05|        10|     0|                1|                1|         1|     400|  9.904400| 0.9139018| 5.598288| 0.2500171|  0.0050480| 0.1472540|
|72 | 0.05|        10|     0|                1|                2|         1|     400|  9.893156| 0.9140666| 5.588583| 0.2579288|  0.0051141| 0.1674716|
|82 | 0.05|        10|     0|                1|                3|         1|     400|  9.912002| 0.9137648| 5.640733| 0.2059160|  0.0040514| 0.1289247|
|3  | 0.05|         8|     0|                1|                1|         1|     600|  9.839552| 0.9150247| 5.696171| 0.2583794|  0.0049230| 0.1408754|
|13 | 0.05|         8|     0|                1|                2|         1|     600|  9.867530| 0.9145502| 5.686443| 0.1615840|  0.0032612| 0.1348074|
|23 | 0.05|         8|     0|                1|                3|         1|     600|  9.856437| 0.9147512| 5.725538| 0.1070146|  0.0021897| 0.0861833|
|33 | 0.05|         9|     0|                1|                1|         1|     600|  9.782799| 0.9160240| 5.566482| 0.1552057|  0.0032843| 0.1036836|
|43 | 0.05|         9|     0|                1|                2|         1|     600|  9.814511| 0.9154486| 5.601824| 0.1964659|  0.0039254| 0.1296754|
|53 | 0.05|         9|     0|                1|                3|         1|     600|  9.843438| 0.9149575| 5.627930| 0.1479013|  0.0029681| 0.1028746|
|63 | 0.05|        10|     0|                1|                1|         1|     600|  9.895322| 0.9140521| 5.563449| 0.2513707|  0.0050536| 0.1509790|
|73 | 0.05|        10|     0|                1|                2|         1|     600|  9.880660| 0.9142728| 5.551549| 0.2600808|  0.0051332| 0.1643890|
|83 | 0.05|        10|     0|                1|                3|         1|     600|  9.889413| 0.9141475| 5.593194| 0.2065412|  0.0040490| 0.1254823|
|4  | 0.05|         8|     0|                1|                1|         1|     800|  9.815875| 0.9154201| 5.645575| 0.2673318|  0.0050417| 0.1469129|
|14 | 0.05|         8|     0|                1|                2|         1|     800|  9.844893| 0.9149311| 5.636618| 0.1610234|  0.0032376| 0.1331764|
|24 | 0.05|         8|     0|                1|                3|         1|     800|  9.831219| 0.9151820| 5.673700| 0.1055152|  0.0021908| 0.0902531|
|34 | 0.05|         9|     0|                1|                1|         1|     800|  9.772881| 0.9161869| 5.540046| 0.1566271|  0.0032966| 0.1082701|
|44 | 0.05|         9|     0|                1|                2|         1|     800|  9.804130| 0.9156188| 5.570293| 0.2030160|  0.0040366| 0.1328912|
|54 | 0.05|         9|     0|                1|                3|         1|     800|  9.828966| 0.9152009| 5.590673| 0.1514477|  0.0030213| 0.1005712|
|64 | 0.05|        10|     0|                1|                1|         1|     800|  9.888280| 0.9141712| 5.544258| 0.2506628|  0.0050289| 0.1500657|
|74 | 0.05|        10|     0|                1|                2|         1|     800|  9.877973| 0.9143162| 5.534582| 0.2585408|  0.0050983| 0.1646152|
|84 | 0.05|        10|     0|                1|                3|         1|     800|  9.883600| 0.9142448| 5.570903| 0.2106776|  0.0041135| 0.1249039|
|5  | 0.05|         8|     0|                1|                1|         1|    1000|  9.809871| 0.9155153| 5.622051| 0.2743928|  0.0051427| 0.1495278|
|15 | 0.05|         8|     0|                1|                2|         1|    1000|  9.832729| 0.9151345| 5.609311| 0.1665233|  0.0033204| 0.1406919|
|25 | 0.05|         8|     0|                1|                3|         1|    1000|  9.817728| 0.9154112| 5.645636| 0.1095110|  0.0022612| 0.0932571|
|35 | 0.05|         9|     0|                1|                1|         1|    1000|  9.768353| 0.9162616| 5.524315| 0.1552880|  0.0032660| 0.1064123|
|45 | 0.05|         9|     0|                1|                2|         1|    1000|  9.797601| 0.9157267| 5.553570| 0.2063451|  0.0040813| 0.1345178|
|55 | 0.05|         9|     0|                1|                3|         1|    1000|  9.823463| 0.9152905| 5.571967| 0.1584592|  0.0031388| 0.1047641|
|65 | 0.05|        10|     0|                1|                1|         1|    1000|  9.888011| 0.9141740| 5.535718| 0.2489473|  0.0049946| 0.1477048|
|75 | 0.05|        10|     0|                1|                2|         1|    1000|  9.877177| 0.9143286| 5.524367| 0.2571818|  0.0050710| 0.1633469|
|85 | 0.05|        10|     0|                1|                3|         1|    1000|  9.880240| 0.9143022| 5.558264| 0.2107062|  0.0041023| 0.1255839|
|6  | 0.05|         8|     0|                1|                1|         1|    1200|  9.806245| 0.9155770| 5.606975| 0.2744537|  0.0051382| 0.1486761|
|16 | 0.05|         8|     0|                1|                2|         1|    1200|  9.827776| 0.9152169| 5.594095| 0.1687303|  0.0033549| 0.1434047|
|26 | 0.05|         8|     0|                1|                3|         1|    1200|  9.811373| 0.9155180| 5.627917| 0.1134433|  0.0023212| 0.0961673|
|36 | 0.05|         9|     0|                1|                1|         1|    1200|  9.766915| 0.9162841| 5.514633| 0.1575164|  0.0032944| 0.1086152|
|46 | 0.05|         9|     0|                1|                2|         1|    1200|  9.797343| 0.9157278| 5.544304| 0.2089373|  0.0041192| 0.1357240|
|56 | 0.05|         9|     0|                1|                3|         1|    1200|  9.822441| 0.9153062| 5.562179| 0.1592430|  0.0031450| 0.1045478|
|66 | 0.05|        10|     0|                1|                1|         1|    1200|  9.888447| 0.9141650| 5.531099| 0.2491095|  0.0049954| 0.1480507|
|76 | 0.05|        10|     0|                1|                2|         1|    1200|  9.877211| 0.9143267| 5.519147| 0.2572419|  0.0050702| 0.1635357|
|86 | 0.05|        10|     0|                1|                3|         1|    1200|  9.879885| 0.9143072| 5.552841| 0.2111680|  0.0041031| 0.1258556|
|7  | 0.05|         8|     0|                1|                1|         1|    1400|  9.804640| 0.9156030| 5.597662| 0.2751080|  0.0051488| 0.1474488|
|17 | 0.05|         8|     0|                1|                2|         1|    1400|  9.827432| 0.9152196| 5.583650| 0.1725471|  0.0034132| 0.1459575|
|27 | 0.05|         8|     0|                1|                3|         1|    1400|  9.806686| 0.9155971| 5.616795| 0.1159087|  0.0023598| 0.0962091|
|37 | 0.05|         9|     0|                1|                1|         1|    1400|  9.765904| 0.9162996| 5.507799| 0.1601039|  0.0033343| 0.1101955|
|47 | 0.05|         9|     0|                1|                2|         1|    1400|  9.797970| 0.9157159| 5.538237| 0.2100460|  0.0041319| 0.1366253|
|57 | 0.05|         9|     0|                1|                3|         1|    1400|  9.822407| 0.9153058| 5.556423| 0.1605496|  0.0031611| 0.1031490|
|67 | 0.05|        10|     0|                1|                1|         1|    1400|  9.888799| 0.9141583| 5.528423| 0.2483760|  0.0049814| 0.1468421|
|77 | 0.05|        10|     0|                1|                2|         1|    1400|  9.877573| 0.9143199| 5.515959| 0.2566621|  0.0050588| 0.1637297|
|87 | 0.05|        10|     0|                1|                3|         1|    1400|  9.879425| 0.9143138| 5.549193| 0.2128567|  0.0041279| 0.1276765|
|8  | 0.05|         8|     0|                1|                1|         1|    1600|  9.803537| 0.9156202| 5.590264| 0.2766489|  0.0051726| 0.1483192|
|18 | 0.05|         8|     0|                1|                2|         1|    1600|  9.826878| 0.9152274| 5.576713| 0.1751057|  0.0034507| 0.1481387|
|28 | 0.05|         8|     0|                1|                3|         1|    1600|  9.804593| 0.9156310| 5.608814| 0.1168271|  0.0023700| 0.0946333|
|38 | 0.05|         9|     0|                1|                1|         1|    1600|  9.765537| 0.9163046| 5.503235| 0.1609276|  0.0033439| 0.1112469|
|48 | 0.05|         9|     0|                1|                2|         1|    1600|  9.799645| 0.9156866| 5.535337| 0.2097829|  0.0041261| 0.1366188|
|58 | 0.05|         9|     0|                1|                3|         1|    1600|  9.821997| 0.9153121| 5.552575| 0.1609041|  0.0031688| 0.1029858|
|68 | 0.05|        10|     0|                1|                1|         1|    1600|  9.888799| 0.9141582| 5.526589| 0.2481691|  0.0049768| 0.1464449|
|78 | 0.05|        10|     0|                1|                2|         1|    1600|  9.877669| 0.9143176| 5.513920| 0.2570183|  0.0050635| 0.1643848|
|88 | 0.05|        10|     0|                1|                3|         1|    1600|  9.880380| 0.9142966| 5.546764| 0.2136576|  0.0041382| 0.1289053|
|9  | 0.05|         8|     0|                1|                1|         1|    1800|  9.802356| 0.9156398| 5.584573| 0.2769260|  0.0051748| 0.1489577|
|19 | 0.05|         8|     0|                1|                2|         1|    1800|  9.826693| 0.9152296| 5.572744| 0.1759447|  0.0034637| 0.1490563|
|29 | 0.05|         8|     0|                1|                3|         1|    1800|  9.803690| 0.9156455| 5.603081| 0.1182927|  0.0023912| 0.0954369|
|39 | 0.05|         9|     0|                1|                1|         1|    1800|  9.765513| 0.9163044| 5.499987| 0.1616703|  0.0033540| 0.1123740|
|49 | 0.05|         9|     0|                1|                2|         1|    1800|  9.800336| 0.9156743| 5.533155| 0.2099613|  0.0041282| 0.1366123|
|59 | 0.05|         9|     0|                1|                3|         1|    1800|  9.823095| 0.9152923| 5.550243| 0.1625789|  0.0031974| 0.1033635|
|69 | 0.05|        10|     0|                1|                1|         1|    1800|  9.888934| 0.9141558| 5.525180| 0.2477738|  0.0049688| 0.1458883|
|79 | 0.05|        10|     0|                1|                2|         1|    1800|  9.877835| 0.9143143| 5.512751| 0.2565982|  0.0050548| 0.1641962|
|89 | 0.05|        10|     0|                1|                3|         1|    1800|  9.880997| 0.9142849| 5.545042| 0.2150476|  0.0041594| 0.1294670|
|10 | 0.05|         8|     0|                1|                1|         1|    2000|  9.802394| 0.9156378| 5.581080| 0.2765159|  0.0051668| 0.1490025|
|20 | 0.05|         8|     0|                1|                2|         1|    2000|  9.826296| 0.9152356| 5.568994| 0.1766523|  0.0034733| 0.1493340|
|30 | 0.05|         8|     0|                1|                3|         1|    2000|  9.803055| 0.9156556| 5.598743| 0.1206285|  0.0024248| 0.0970829|
|40 | 0.05|         9|     0|                1|                1|         1|    2000|  9.764940| 0.9163138| 5.498026| 0.1625257|  0.0033668| 0.1125971|
|50 | 0.05|         9|     0|                1|                2|         1|    2000|  9.800205| 0.9156760| 5.531606| 0.2102774|  0.0041318| 0.1366187|
|60 | 0.05|         9|     0|                1|                3|         1|    2000|  9.824330| 0.9152706| 5.548813| 0.1633451|  0.0032094| 0.1037624|
|70 | 0.05|        10|     0|                1|                1|         1|    2000|  9.889211| 0.9141508| 5.524137| 0.2475983|  0.0049652| 0.1458817|
|80 | 0.05|        10|     0|                1|                2|         1|    2000|  9.878158| 0.9143085| 5.511959| 0.2570634|  0.0050624| 0.1643454|
|90 | 0.05|        10|     0|                1|                3|         1|    2000|  9.881305| 0.9142794| 5.543656| 0.2155288|  0.0041658| 0.1298901|
