|    |  eta| max_depth| gamma| colsample_bytree| min_child_weight| subsample| nrounds|      RMSE|  Rsquared|      MAE|    RMSESD| RsquaredSD|     MAESD|
|:---|----:|---------:|-----:|----------------:|----------------:|---------:|-------:|---------:|---------:|--------:|---------:|----------:|---------:|
|1   | 0.05|         9|     0|              0.6|                1|      0.50|     200| 10.174911| 0.9091707| 6.001030| 0.3626586|  0.0072436| 0.1020162|
|11  | 0.05|         9|     0|              0.6|                1|      0.75|     200|  9.985325| 0.9125775| 5.869928| 0.3132262|  0.0062113| 0.0545043|
|21  | 0.05|         9|     0|              0.6|                1|      0.90|     200|  9.978014| 0.9127470| 5.861961| 0.2595844|  0.0052512| 0.0339736|
|31  | 0.05|         9|     0|              0.6|                1|      1.00|     200| 10.024686| 0.9118414| 5.856977| 0.3837314|  0.0074997| 0.0950392|
|41  | 0.05|         9|     0|              0.7|                1|      0.50|     200| 10.126539| 0.9100266| 6.017654| 0.3268780|  0.0065579| 0.0771024|
|51  | 0.05|         9|     0|              0.7|                1|      0.75|     200|  9.998066| 0.9123215| 5.856301| 0.3384562|  0.0066745| 0.0698620|
|61  | 0.05|         9|     0|              0.7|                1|      0.90|     200|  9.992653| 0.9124394| 5.851966| 0.2881474|  0.0057728| 0.0482478|
|71  | 0.05|         9|     0|              0.7|                1|      1.00|     200| 10.010628| 0.9120994| 5.866260| 0.3641988|  0.0071122| 0.0947777|
|81  | 0.05|         9|     0|              0.8|                1|      0.50|     200| 10.085418| 0.9107488| 5.966181| 0.3740969|  0.0073711| 0.1149872|
|91  | 0.05|         9|     0|              0.8|                1|      0.75|     200| 10.033915| 0.9116804| 5.889509| 0.2780112|  0.0055931| 0.0817266|
|101 | 0.05|         9|     0|              0.8|                1|      0.90|     200| 10.010594| 0.9120996| 5.822291| 0.2718295|  0.0054733| 0.0563728|
|111 | 0.05|         9|     0|              0.8|                1|      1.00|     200| 10.031585| 0.9117614| 5.846616| 0.2334872|  0.0048201| 0.0586969|
|121 | 0.05|         9|     0|              1.0|                1|      0.50|     200| 10.177195| 0.9090644| 5.959482| 0.3501112|  0.0069888| 0.0828656|
|131 | 0.05|         9|     0|              1.0|                1|      0.75|     200| 10.085217| 0.9107303| 5.875037| 0.3073185|  0.0061445| 0.0731424|
|141 | 0.05|         9|     0|              1.0|                1|      0.90|     200| 10.099536| 0.9104441| 5.846361| 0.3442265|  0.0068207| 0.1223146|
|151 | 0.05|         9|     0|              1.0|                1|      1.00|     200| 10.250260| 0.9077370| 5.949347| 0.3513876|  0.0070679| 0.1125387|
|2   | 0.05|         9|     0|              0.6|                1|      0.50|     400|  9.987228| 0.9123704| 5.745791| 0.3933808|  0.0075901| 0.1217827|
|12  | 0.05|         9|     0|              0.6|                1|      0.75|     400|  9.859158| 0.9146734| 5.673231| 0.3379895|  0.0065199| 0.0701606|
|22  | 0.05|         9|     0|              0.6|                1|      0.90|     400|  9.877293| 0.9144079| 5.692259| 0.2671441|  0.0052971| 0.0353266|
|32  | 0.05|         9|     0|              0.6|                1|      1.00|     400|  9.931240| 0.9133897| 5.707888| 0.3938506|  0.0075661| 0.0966101|
|42  | 0.05|         9|     0|              0.7|                1|      0.50|     400|  9.948961| 0.9130559| 5.765963| 0.3459738|  0.0067261| 0.0872103|
|52  | 0.05|         9|     0|              0.7|                1|      0.75|     400|  9.888327| 0.9141421| 5.667150| 0.3547631|  0.0068332| 0.0671028|
|62  | 0.05|         9|     0|              0.7|                1|      0.90|     400|  9.898519| 0.9140048| 5.697042| 0.2923489|  0.0057524| 0.0544708|
|72  | 0.05|         9|     0|              0.7|                1|      1.00|     400|  9.911338| 0.9137528| 5.715329| 0.3676908|  0.0070688| 0.0853834|
|82  | 0.05|         9|     0|              0.8|                1|      0.50|     400|  9.905425| 0.9138053| 5.719576| 0.3908859|  0.0074912| 0.1136536|
|92  | 0.05|         9|     0|              0.8|                1|      0.75|     400|  9.915630| 0.9136760| 5.701963| 0.2869794|  0.0056484| 0.0883601|
|102 | 0.05|         9|     0|              0.8|                1|      0.90|     400|  9.928227| 0.9134589| 5.670914| 0.3015389|  0.0059032| 0.0736667|
|112 | 0.05|         9|     0|              0.8|                1|      1.00|     400|  9.949060| 0.9131313| 5.707099| 0.2408534|  0.0048796| 0.0618049|
|122 | 0.05|         9|     0|              1.0|                1|      0.50|     400| 10.020823| 0.9117695| 5.726582| 0.3869116|  0.0074690| 0.0988323|
|132 | 0.05|         9|     0|              1.0|                1|      0.75|     400|  9.979556| 0.9125261| 5.694382| 0.3287881|  0.0064279| 0.0846791|
|142 | 0.05|         9|     0|              1.0|                1|      0.90|     400| 10.002885| 0.9121075| 5.683647| 0.3463264|  0.0067626| 0.1194396|
|152 | 0.05|         9|     0|              1.0|                1|      1.00|     400| 10.169699| 0.9091382| 5.807914| 0.3725152|  0.0073540| 0.1278150|
|3   | 0.05|         9|     0|              0.6|                1|      0.50|     600|  9.952215| 0.9129570| 5.655950| 0.4005532|  0.0076722| 0.1164196|
|13  | 0.05|         9|     0|              0.6|                1|      0.75|     600|  9.828661| 0.9151688| 5.603619| 0.3510359|  0.0067065| 0.0795092|
|23  | 0.05|         9|     0|              0.6|                1|      0.90|     600|  9.859504| 0.9146905| 5.632458| 0.2678178|  0.0052865| 0.0394173|
|33  | 0.05|         9|     0|              0.6|                1|      1.00|     600|  9.900879| 0.9138905| 5.648953| 0.3970021|  0.0075839| 0.0972739|
|43  | 0.05|         9|     0|              0.7|                1|      0.50|     600|  9.907016| 0.9137613| 5.676917| 0.3595802|  0.0069225| 0.0951095|
|53  | 0.05|         9|     0|              0.7|                1|      0.75|     600|  9.870142| 0.9144292| 5.603009| 0.3682135|  0.0070407| 0.0768258|
|63  | 0.05|         9|     0|              0.7|                1|      0.90|     600|  9.878904| 0.9143244| 5.638128| 0.2902175|  0.0056910| 0.0572706|
|73  | 0.05|         9|     0|              0.7|                1|      1.00|     600|  9.885863| 0.9141702| 5.658564| 0.3749411|  0.0071728| 0.0906646|
|83  | 0.05|         9|     0|              0.8|                1|      0.50|     600|  9.871422| 0.9143698| 5.631973| 0.3922670|  0.0074710| 0.1110326|
|93  | 0.05|         9|     0|              0.8|                1|      0.75|     600|  9.888788| 0.9141239| 5.634879| 0.3012164|  0.0058685| 0.0968914|
|103 | 0.05|         9|     0|              0.8|                1|      0.90|     600|  9.912888| 0.9137036| 5.615046| 0.3068175|  0.0059739| 0.0759835|
|113 | 0.05|         9|     0|              0.8|                1|      1.00|     600|  9.922368| 0.9135757| 5.648902| 0.2456071|  0.0049397| 0.0650833|
|123 | 0.05|         9|     0|              1.0|                1|      0.50|     600|  9.996204| 0.9121927| 5.647042| 0.3958415|  0.0075933| 0.1081439|
|133 | 0.05|         9|     0|              1.0|                1|      0.75|     600|  9.957919| 0.9128911| 5.627070| 0.3375463|  0.0065605| 0.0962386|
|143 | 0.05|         9|     0|              1.0|                1|      0.90|     600|  9.989938| 0.9123219| 5.630578| 0.3483928|  0.0067795| 0.1225420|
|153 | 0.05|         9|     0|              1.0|                1|      1.00|     600| 10.140281| 0.9096482| 5.746345| 0.3831163|  0.0075104| 0.1334178|
|4   | 0.05|         9|     0|              0.6|                1|      0.50|     800|  9.937841| 0.9131955| 5.616615| 0.4135125|  0.0078844| 0.1179105|
|14  | 0.05|         9|     0|              0.6|                1|      0.75|     800|  9.822566| 0.9152587| 5.574663| 0.3575075|  0.0068051| 0.0851870|
|24  | 0.05|         9|     0|              0.6|                1|      0.90|     800|  9.855298| 0.9147499| 5.608184| 0.2707638|  0.0053275| 0.0426379|
|34  | 0.05|         9|     0|              0.6|                1|      1.00|     800|  9.891455| 0.9140418| 5.621994| 0.3999293|  0.0076240| 0.1019787|
|44  | 0.05|         9|     0|              0.7|                1|      0.50|     800|  9.896857| 0.9139230| 5.634919| 0.3697425|  0.0070862| 0.1042218|
|54  | 0.05|         9|     0|              0.7|                1|      0.75|     800|  9.868471| 0.9144486| 5.578704| 0.3707781|  0.0070785| 0.0780466|
|64  | 0.05|         9|     0|              0.7|                1|      0.90|     800|  9.874793| 0.9143852| 5.613517| 0.2930768|  0.0057337| 0.0591185|
|74  | 0.05|         9|     0|              0.7|                1|      1.00|     800|  9.878315| 0.9142886| 5.632238| 0.3765274|  0.0071907| 0.0910844|
|84  | 0.05|         9|     0|              0.8|                1|      0.50|     800|  9.862464| 0.9145144| 5.595762| 0.3999410|  0.0075940| 0.1136875|
|94  | 0.05|         9|     0|              0.8|                1|      0.75|     800|  9.883554| 0.9142068| 5.606747| 0.3024725|  0.0058823| 0.0984763|
|104 | 0.05|         9|     0|              0.8|                1|      0.90|     800|  9.908771| 0.9137676| 5.591268| 0.3081148|  0.0059854| 0.0797077|
|114 | 0.05|         9|     0|              0.8|                1|      1.00|     800|  9.914534| 0.9137033| 5.624511| 0.2500781|  0.0050053| 0.0702153|
|124 | 0.05|         9|     0|              1.0|                1|      0.50|     800|  9.987808| 0.9123350| 5.608566| 0.3969133|  0.0076005| 0.1127232|
|134 | 0.05|         9|     0|              1.0|                1|      0.75|     800|  9.954726| 0.9129417| 5.600750| 0.3417319|  0.0066283| 0.0991144|
|144 | 0.05|         9|     0|              1.0|                1|      0.90|     800|  9.986871| 0.9123707| 5.607367| 0.3492429|  0.0067884| 0.1255165|
|154 | 0.05|         9|     0|              1.0|                1|      1.00|     800| 10.131756| 0.9097959| 5.720167| 0.3847111|  0.0075263| 0.1349215|
|5   | 0.05|         9|     0|              0.6|                1|      0.50|    1000|  9.935401| 0.9132361| 5.600624| 0.4160777|  0.0079232| 0.1160664|
|15  | 0.05|         9|     0|              0.6|                1|      0.75|    1000|  9.821778| 0.9152638| 5.561439| 0.3612916|  0.0068648| 0.0902946|
|25  | 0.05|         9|     0|              0.6|                1|      0.90|    1000|  9.853834| 0.9147668| 5.593259| 0.2741731|  0.0053828| 0.0450071|
|35  | 0.05|         9|     0|              0.6|                1|      1.00|    1000|  9.890442| 0.9140499| 5.609147| 0.4070616|  0.0077480| 0.1065886|
|45  | 0.05|         9|     0|              0.7|                1|      0.50|    1000|  9.895946| 0.9139403| 5.617650| 0.3670808|  0.0070308| 0.1050924|
|55  | 0.05|         9|     0|              0.7|                1|      0.75|    1000|  9.863759| 0.9145275| 5.561800| 0.3726847|  0.0071067| 0.0802190|
|65  | 0.05|         9|     0|              0.7|                1|      0.90|    1000|  9.874001| 0.9143946| 5.600595| 0.2932634|  0.0057344| 0.0591523|
|75  | 0.05|         9|     0|              0.7|                1|      1.00|    1000|  9.876393| 0.9143154| 5.619682| 0.3778654|  0.0072076| 0.0919806|
|85  | 0.05|         9|     0|              0.8|                1|      0.50|    1000|  9.860408| 0.9145469| 5.579045| 0.4036345|  0.0076550| 0.1125983|
|95  | 0.05|         9|     0|              0.8|                1|      0.75|    1000|  9.876660| 0.9143243| 5.590632| 0.3033945|  0.0058918| 0.0999851|
|105 | 0.05|         9|     0|              0.8|                1|      0.90|    1000|  9.907960| 0.9137767| 5.577576| 0.3115798|  0.0060409| 0.0859683|
|115 | 0.05|         9|     0|              0.8|                1|      1.00|    1000|  9.911733| 0.9137457| 5.611352| 0.2525121|  0.0050402| 0.0740945|
|125 | 0.05|         9|     0|              1.0|                1|      0.50|    1000|  9.988974| 0.9123118| 5.592455| 0.4068177|  0.0077723| 0.1209011|
|135 | 0.05|         9|     0|              1.0|                1|      0.75|    1000|  9.951566| 0.9129961| 5.586156| 0.3425199|  0.0066379| 0.1004357|
|145 | 0.05|         9|     0|              1.0|                1|      0.90|    1000|  9.984380| 0.9124122| 5.592885| 0.3496259|  0.0067895| 0.1275161|
|155 | 0.05|         9|     0|              1.0|                1|      1.00|    1000| 10.127752| 0.9098664| 5.707305| 0.3829903|  0.0074891| 0.1340526|
|6   | 0.05|         9|     0|              0.6|                1|      0.50|    1200|  9.937352| 0.9131966| 5.589514| 0.4205774|  0.0080027| 0.1197443|
|16  | 0.05|         9|     0|              0.6|                1|      0.75|    1200|  9.820144| 0.9152866| 5.552732| 0.3658080|  0.0069389| 0.0943132|
|26  | 0.05|         9|     0|              0.6|                1|      0.90|    1200|  9.852789| 0.9147825| 5.584053| 0.2764357|  0.0054191| 0.0476797|
|36  | 0.05|         9|     0|              0.6|                1|      1.00|    1200|  9.888624| 0.9140765| 5.600283| 0.4086756|  0.0077744| 0.1081088|
|46  | 0.05|         9|     0|              0.7|                1|      0.50|    1200|  9.902877| 0.9138145| 5.610364| 0.3703714|  0.0070914| 0.1063314|
|56  | 0.05|         9|     0|              0.7|                1|      0.75|    1200|  9.861723| 0.9145614| 5.552528| 0.3721573|  0.0070941| 0.0803007|
|66  | 0.05|         9|     0|              0.7|                1|      0.90|    1200|  9.874009| 0.9143941| 5.593090| 0.2896853|  0.0056705| 0.0579654|
|76  | 0.05|         9|     0|              0.7|                1|      1.00|    1200|  9.876323| 0.9143120| 5.611663| 0.3788320|  0.0072240| 0.0926984|
|86  | 0.05|         9|     0|              0.8|                1|      0.50|    1200|  9.859789| 0.9145532| 5.570560| 0.4107818|  0.0077793| 0.1136341|
|96  | 0.05|         9|     0|              0.8|                1|      0.75|    1200|  9.873473| 0.9143773| 5.581715| 0.3057458|  0.0059306| 0.1009804|
|106 | 0.05|         9|     0|              0.8|                1|      0.90|    1200|  9.907742| 0.9137787| 5.570274| 0.3122688|  0.0060505| 0.0861893|
|116 | 0.05|         9|     0|              0.8|                1|      1.00|    1200|  9.909560| 0.9137811| 5.602805| 0.2522460|  0.0050296| 0.0740528|
|126 | 0.05|         9|     0|              1.0|                1|      0.50|    1200|  9.993185| 0.9122369| 5.587472| 0.4092795|  0.0078177| 0.1239482|
|136 | 0.05|         9|     0|              1.0|                1|      0.75|    1200|  9.958206| 0.9128763| 5.580434| 0.3446045|  0.0066794| 0.1028170|
|146 | 0.05|         9|     0|              1.0|                1|      0.90|    1200|  9.985955| 0.9123839| 5.586387| 0.3489631|  0.0067771| 0.1289268|
|156 | 0.05|         9|     0|              1.0|                1|      1.00|    1200| 10.126913| 0.9098796| 5.698514| 0.3850167|  0.0075227| 0.1353299|
|7   | 0.05|         9|     0|              0.6|                1|      0.50|    1400|  9.937587| 0.9131907| 5.584072| 0.4192880|  0.0079771| 0.1189213|
|17  | 0.05|         9|     0|              0.6|                1|      0.75|    1400|  9.822694| 0.9152392| 5.547654| 0.3669510|  0.0069569| 0.0953216|
|27  | 0.05|         9|     0|              0.6|                1|      0.90|    1400|  9.853862| 0.9147616| 5.579529| 0.2766282|  0.0054217| 0.0483572|
|37  | 0.05|         9|     0|              0.6|                1|      1.00|    1400|  9.888584| 0.9140735| 5.594369| 0.4108300|  0.0078117| 0.1084412|
|47  | 0.05|         9|     0|              0.7|                1|      0.50|    1400|  9.902942| 0.9138132| 5.603892| 0.3707859|  0.0070982| 0.1061999|
|57  | 0.05|         9|     0|              0.7|                1|      0.75|    1400|  9.863549| 0.9145269| 5.547581| 0.3746668|  0.0071370| 0.0813382|
|67  | 0.05|         9|     0|              0.7|                1|      0.90|    1400|  9.872811| 0.9144137| 5.587586| 0.2899503|  0.0056733| 0.0590522|
|77  | 0.05|         9|     0|              0.7|                1|      1.00|    1400|  9.875923| 0.9143155| 5.606127| 0.3807241|  0.0072568| 0.0943335|
|87  | 0.05|         9|     0|              0.8|                1|      0.50|    1400|  9.861581| 0.9145249| 5.564284| 0.4049403|  0.0076750| 0.1116104|
|97  | 0.05|         9|     0|              0.8|                1|      0.75|    1400|  9.872658| 0.9143894| 5.576212| 0.3066418|  0.0059447| 0.1008657|
|107 | 0.05|         9|     0|              0.8|                1|      0.90|    1400|  9.910041| 0.9137352| 5.567022| 0.3165234|  0.0061253| 0.0887725|
|117 | 0.05|         9|     0|              0.8|                1|      1.00|    1400|  9.909498| 0.9137802| 5.597813| 0.2527841|  0.0050375| 0.0749087|
|127 | 0.05|         9|     0|              1.0|                1|      0.50|    1400|  9.995296| 0.9122043| 5.580614| 0.4044767|  0.0077301| 0.1210915|
|137 | 0.05|         9|     0|              1.0|                1|      0.75|    1400|  9.953178| 0.9129649| 5.575232| 0.3455489|  0.0066904| 0.1034505|
|147 | 0.05|         9|     0|              1.0|                1|      0.90|    1400|  9.987057| 0.9123636| 5.581572| 0.3502838|  0.0068004| 0.1296795|
|157 | 0.05|         9|     0|              1.0|                1|      1.00|    1400| 10.126181| 0.9098912| 5.692494| 0.3858165|  0.0075352| 0.1348604|
|8   | 0.05|         9|     0|              0.6|                1|      0.50|    1600|  9.934667| 0.9132428| 5.579766| 0.4174173|  0.0079427| 0.1166561|
|18  | 0.05|         9|     0|              0.6|                1|      0.75|    1600|  9.824794| 0.9152014| 5.546374| 0.3661109|  0.0069408| 0.0956274|
|28  | 0.05|         9|     0|              0.6|                1|      0.90|    1600|  9.854405| 0.9147507| 5.575977| 0.2784359|  0.0054533| 0.0498782|
|38  | 0.05|         9|     0|              0.6|                1|      1.00|    1600|  9.888737| 0.9140689| 5.590508| 0.4112455|  0.0078183| 0.1077778|
|48  | 0.05|         9|     0|              0.7|                1|      0.50|    1600|  9.901034| 0.9138444| 5.599076| 0.3737381|  0.0071459| 0.1087038|
|58  | 0.05|         9|     0|              0.7|                1|      0.75|    1600|  9.859116| 0.9146053| 5.543369| 0.3709464|  0.0070671| 0.0802689|
|68  | 0.05|         9|     0|              0.7|                1|      0.90|    1600|  9.874355| 0.9143863| 5.584099| 0.2895875|  0.0056671| 0.0598179|
|78  | 0.05|         9|     0|              0.7|                1|      1.00|    1600|  9.876877| 0.9142965| 5.603532| 0.3811298|  0.0072639| 0.0951662|
|88  | 0.05|         9|     0|              0.8|                1|      0.50|    1600|  9.859762| 0.9145561| 5.559375| 0.4028745|  0.0076341| 0.1111748|
|98  | 0.05|         9|     0|              0.8|                1|      0.75|    1600|  9.870929| 0.9144187| 5.572941| 0.3081568|  0.0059696| 0.1018460|
|108 | 0.05|         9|     0|              0.8|                1|      0.90|    1600|  9.913060| 0.9136810| 5.565422| 0.3171153|  0.0061355| 0.0899684|
|118 | 0.05|         9|     0|              0.8|                1|      1.00|    1600|  9.911030| 0.9137519| 5.595725| 0.2543939|  0.0050652| 0.0763079|
|128 | 0.05|         9|     0|              1.0|                1|      0.50|    1600|  9.995615| 0.9122002| 5.577432| 0.4016132|  0.0076794| 0.1197953|
|138 | 0.05|         9|     0|              1.0|                1|      0.75|    1600|  9.954010| 0.9129502| 5.572709| 0.3442836|  0.0066686| 0.1042726|
|148 | 0.05|         9|     0|              1.0|                1|      0.90|    1600|  9.989761| 0.9123141| 5.578565| 0.3540548|  0.0068688| 0.1318351|
|158 | 0.05|         9|     0|              1.0|                1|      1.00|    1600| 10.126912| 0.9098783| 5.689493| 0.3857465|  0.0075335| 0.1341304|
|9   | 0.05|         9|     0|              0.6|                1|      0.50|    1800|  9.936369| 0.9132113| 5.578177| 0.4195217|  0.0079809| 0.1174400|
|19  | 0.05|         9|     0|              0.6|                1|      0.75|    1800|  9.826565| 0.9151681| 5.545117| 0.3678237|  0.0069719| 0.0951612|
|29  | 0.05|         9|     0|              0.6|                1|      0.90|    1800|  9.856137| 0.9147194| 5.573973| 0.2794566|  0.0054703| 0.0502081|
|39  | 0.05|         9|     0|              0.6|                1|      1.00|    1800|  9.888934| 0.9140642| 5.588120| 0.4113562|  0.0078201| 0.1073346|
|49  | 0.05|         9|     0|              0.7|                1|      0.50|    1800|  9.901233| 0.9138406| 5.596595| 0.3732531|  0.0071380| 0.1080437|
|59  | 0.05|         9|     0|              0.7|                1|      0.75|    1800|  9.858090| 0.9146219| 5.540405| 0.3727616|  0.0070968| 0.0805524|
|69  | 0.05|         9|     0|              0.7|                1|      0.90|    1800|  9.877225| 0.9143356| 5.583516| 0.2877814|  0.0056367| 0.0597297|
|79  | 0.05|         9|     0|              0.7|                1|      1.00|    1800|  9.877133| 0.9142904| 5.600961| 0.3813084|  0.0072663| 0.0959494|
|89  | 0.05|         9|     0|              0.8|                1|      0.50|    1800|  9.864050| 0.9144780| 5.560888| 0.4107407|  0.0077754| 0.1122320|
|99  | 0.05|         9|     0|              0.8|                1|      0.75|    1800|  9.870163| 0.9144312| 5.570322| 0.3075892|  0.0059592| 0.1008122|
|109 | 0.05|         9|     0|              0.8|                1|      0.90|    1800|  9.913478| 0.9136730| 5.563290| 0.3174836|  0.0061404| 0.0918237|
|119 | 0.05|         9|     0|              0.8|                1|      1.00|    1800|  9.911513| 0.9137418| 5.593800| 0.2555051|  0.0050844| 0.0770593|
|129 | 0.05|         9|     0|              1.0|                1|      0.50|    1800|  9.995147| 0.9122089| 5.576206| 0.4015999|  0.0076797| 0.1210805|
|139 | 0.05|         9|     0|              1.0|                1|      0.75|    1800|  9.955785| 0.9129175| 5.572952| 0.3483661|  0.0067408| 0.1054762|
|149 | 0.05|         9|     0|              1.0|                1|      0.90|    1800|  9.991620| 0.9122793| 5.576245| 0.3580743|  0.0069418| 0.1335588|
|159 | 0.05|         9|     0|              1.0|                1|      1.00|    1800| 10.126562| 0.9098842| 5.687025| 0.3862975|  0.0075422| 0.1349288|
|10  | 0.05|         9|     0|              0.6|                1|      0.50|    2000|  9.937884| 0.9131826| 5.579891| 0.4232626|  0.0080505| 0.1176787|
|20  | 0.05|         9|     0|              0.6|                1|      0.75|    2000|  9.828499| 0.9151339| 5.543684| 0.3690568|  0.0069978| 0.0950218|
|30  | 0.05|         9|     0|              0.6|                1|      0.90|    2000|  9.857209| 0.9146994| 5.573631| 0.2818123|  0.0055116| 0.0515679|
|40  | 0.05|         9|     0|              0.6|                1|      1.00|    2000|  9.888664| 0.9140679| 5.585790| 0.4117936|  0.0078271| 0.1074184|
|50  | 0.05|         9|     0|              0.7|                1|      0.50|    2000|  9.900586| 0.9138505| 5.596625| 0.3744680|  0.0071592| 0.1087354|
|60  | 0.05|         9|     0|              0.7|                1|      0.75|    2000|  9.859921| 0.9145881| 5.539223| 0.3764019|  0.0071615| 0.0831905|
|70  | 0.05|         9|     0|              0.7|                1|      0.90|    2000|  9.877751| 0.9143258| 5.581653| 0.2876934|  0.0056348| 0.0607259|
|80  | 0.05|         9|     0|              0.7|                1|      1.00|    2000|  9.877506| 0.9142830| 5.599425| 0.3819299|  0.0072772| 0.0962263|
|90  | 0.05|         9|     0|              0.8|                1|      0.50|    2000|  9.867833| 0.9144131| 5.560425| 0.4119789|  0.0078025| 0.1128710|
|100 | 0.05|         9|     0|              0.8|                1|      0.75|    2000|  9.869328| 0.9144445| 5.569919| 0.3090197|  0.0059824| 0.1025280|
|110 | 0.05|         9|     0|              0.8|                1|      0.90|    2000|  9.913036| 0.9136801| 5.561470| 0.3180219|  0.0061497| 0.0915422|
|120 | 0.05|         9|     0|              0.8|                1|      1.00|    2000|  9.911772| 0.9137364| 5.592271| 0.2558573|  0.0050901| 0.0774368|
|130 | 0.05|         9|     0|              1.0|                1|      0.50|    2000|  9.997692| 0.9121690| 5.575223| 0.3971423|  0.0075978| 0.1209568|
|140 | 0.05|         9|     0|              1.0|                1|      0.75|    2000|  9.960085| 0.9128423| 5.572625| 0.3451182|  0.0066874| 0.1040690|
|150 | 0.05|         9|     0|              1.0|                1|      0.90|    2000|  9.991827| 0.9122760| 5.575557| 0.3576963|  0.0069354| 0.1336427|
|160 | 0.05|         9|     0|              1.0|                1|      1.00|    2000| 10.126474| 0.9098853| 5.685278| 0.3869927|  0.0075539| 0.1352875|
