|    |  eta| max_depth| gamma| colsample_bytree| min_child_weight| subsample| nrounds|     RMSE|  Rsquared|      MAE|    RMSESD| RsquaredSD|     MAESD|
|:---|----:|---------:|-----:|----------------:|----------------:|---------:|-------:|--------:|---------:|--------:|---------:|----------:|---------:|
|1   | 0.05|         9|   0.1|              0.6|                1|      0.75|     200| 9.858176| 0.9149154| 5.810655| 0.2555393|  0.0043569| 0.0289217|
|16  | 0.05|         9|   0.5|              0.6|                1|      0.75|     200| 9.905974| 0.9140567| 5.826865| 0.2035530|  0.0033262| 0.0480409|
|31  | 0.05|         9|   0.6|              0.6|                1|      0.75|     200| 9.846615| 0.9151176| 5.803141| 0.2073626|  0.0036658| 0.0370812|
|46  | 0.05|         9|   0.7|              0.6|                1|      0.75|     200| 9.960779| 0.9131452| 5.861334| 0.1497830|  0.0025700| 0.0709185|
|61  | 0.05|         9|   0.8|              0.6|                1|      0.75|     200| 9.915229| 0.9139164| 5.835103| 0.1534250|  0.0028921| 0.0808385|
|76  | 0.05|         9|   0.9|              0.6|                1|      0.75|     200| 9.920415| 0.9138305| 5.861561| 0.1830093|  0.0029503| 0.0409500|
|91  | 0.05|         9|   1.0|              0.6|                1|      0.75|     200| 9.876807| 0.9145551| 5.822597| 0.1853313|  0.0030810| 0.0268692|
|2   | 0.05|         9|   0.1|              0.6|                1|      0.75|     400| 9.720298| 0.9171846| 5.621684| 0.2868073|  0.0046716| 0.0445782|
|17  | 0.05|         9|   0.5|              0.6|                1|      0.75|     400| 9.768888| 0.9163444| 5.624615| 0.2511427|  0.0039648| 0.0158957|
|32  | 0.05|         9|   0.6|              0.6|                1|      0.75|     400| 9.711796| 0.9173341| 5.608957| 0.2370355|  0.0038836| 0.0274571|
|47  | 0.05|         9|   0.7|              0.6|                1|      0.75|     400| 9.814245| 0.9156082| 5.658684| 0.1647362|  0.0025342| 0.0424992|
|62  | 0.05|         9|   0.8|              0.6|                1|      0.75|     400| 9.770042| 0.9163443| 5.638225| 0.1828437|  0.0031048| 0.0447665|
|77  | 0.05|         9|   0.9|              0.6|                1|      0.75|     400| 9.781684| 0.9161295| 5.661865| 0.2271767|  0.0035381| 0.0169943|
|92  | 0.05|         9|   1.0|              0.6|                1|      0.75|     400| 9.744309| 0.9167583| 5.635304| 0.2023599|  0.0031694| 0.0125800|
|3   | 0.05|         9|   0.1|              0.6|                1|      0.75|     600| 9.694077| 0.9176090| 5.554131| 0.2955876|  0.0047676| 0.0547036|
|18  | 0.05|         9|   0.5|              0.6|                1|      0.75|     600| 9.740525| 0.9168085| 5.556515| 0.2629512|  0.0041368| 0.0151819|
|33  | 0.05|         9|   0.6|              0.6|                1|      0.75|     600| 9.685424| 0.9177710| 5.540691| 0.2411603|  0.0039070| 0.0321349|
|48  | 0.05|         9|   0.7|              0.6|                1|      0.75|     600| 9.786465| 0.9160638| 5.590061| 0.1836772|  0.0027965| 0.0299113|
|63  | 0.05|         9|   0.8|              0.6|                1|      0.75|     600| 9.735247| 0.9169217| 5.565678| 0.1851668|  0.0030379| 0.0292827|
|78  | 0.05|         9|   0.9|              0.6|                1|      0.75|     600| 9.749458| 0.9166643| 5.591435| 0.2361295|  0.0036614| 0.0219718|
|93  | 0.05|         9|   1.0|              0.6|                1|      0.75|     600| 9.711163| 0.9173043| 5.568274| 0.2000139|  0.0030702| 0.0119044|
|4   | 0.05|         9|   0.1|              0.6|                1|      0.75|     800| 9.683848| 0.9177736| 5.522410| 0.3005211|  0.0048113| 0.0587243|
|19  | 0.05|         9|   0.5|              0.6|                1|      0.75|     800| 9.729093| 0.9169940| 5.522799| 0.2704406|  0.0042481| 0.0201157|
|34  | 0.05|         9|   0.6|              0.6|                1|      0.75|     800| 9.680191| 0.9178519| 5.509791| 0.2465417|  0.0039700| 0.0369894|
|49  | 0.05|         9|   0.7|              0.6|                1|      0.75|     800| 9.776870| 0.9162192| 5.557768| 0.1877127|  0.0028368| 0.0256126|
|64  | 0.05|         9|   0.8|              0.6|                1|      0.75|     800| 9.722781| 0.9171277| 5.533119| 0.1873147|  0.0030458| 0.0226979|
|79  | 0.05|         9|   0.9|              0.6|                1|      0.75|     800| 9.738240| 0.9168476| 5.558996| 0.2456107|  0.0038081| 0.0282118|
|94  | 0.05|         9|   1.0|              0.6|                1|      0.75|     800| 9.704092| 0.9174175| 5.539461| 0.2072517|  0.0031722| 0.0192285|
|5   | 0.05|         9|   0.1|              0.6|                1|      0.75|    1000| 9.682812| 0.9177871| 5.505624| 0.3022149|  0.0048334| 0.0606859|
|20  | 0.05|         9|   0.5|              0.6|                1|      0.75|    1000| 9.725855| 0.9170445| 5.508248| 0.2746154|  0.0043124| 0.0245168|
|35  | 0.05|         9|   0.6|              0.6|                1|      0.75|    1000| 9.676869| 0.9179016| 5.493720| 0.2497441|  0.0040084| 0.0407299|
|50  | 0.05|         9|   0.7|              0.6|                1|      0.75|    1000| 9.774109| 0.9162636| 5.543032| 0.1902463|  0.0028754| 0.0220560|
|65  | 0.05|         9|   0.8|              0.6|                1|      0.75|    1000| 9.719098| 0.9171877| 5.518461| 0.1923896|  0.0031137| 0.0190038|
|80  | 0.05|         9|   0.9|              0.6|                1|      0.75|    1000| 9.732963| 0.9169360| 5.544205| 0.2447218|  0.0037834| 0.0295835|
|95  | 0.05|         9|   1.0|              0.6|                1|      0.75|    1000| 9.698636| 0.9175098| 5.522442| 0.2043401|  0.0031054| 0.0217464|
|6   | 0.05|         9|   0.1|              0.6|                1|      0.75|    1200| 9.681600| 0.9178073| 5.494916| 0.2992274|  0.0047750| 0.0612812|
|21  | 0.05|         9|   0.5|              0.6|                1|      0.75|    1200| 9.724005| 0.9170721| 5.498940| 0.2773919|  0.0043544| 0.0289845|
|36  | 0.05|         9|   0.6|              0.6|                1|      0.75|    1200| 9.677592| 0.9178872| 5.486072| 0.2510390|  0.0040279| 0.0412024|
|51  | 0.05|         9|   0.7|              0.6|                1|      0.75|    1200| 9.771935| 0.9162970| 5.534508| 0.1923261|  0.0029126| 0.0198854|
|66  | 0.05|         9|   0.8|              0.6|                1|      0.75|    1200| 9.718799| 0.9171912| 5.509656| 0.1942070|  0.0031399| 0.0178054|
|81  | 0.05|         9|   0.9|              0.6|                1|      0.75|    1200| 9.733628| 0.9169247| 5.537587| 0.2456825|  0.0037982| 0.0297379|
|96  | 0.05|         9|   1.0|              0.6|                1|      0.75|    1200| 9.698369| 0.9175122| 5.515326| 0.2065196|  0.0031358| 0.0250665|
|7   | 0.05|         9|   0.1|              0.6|                1|      0.75|    1400| 9.681746| 0.9178058| 5.489888| 0.2981462|  0.0047501| 0.0627989|
|22  | 0.05|         9|   0.5|              0.6|                1|      0.75|    1400| 9.726751| 0.9170240| 5.495147| 0.2763174|  0.0043341| 0.0304644|
|37  | 0.05|         9|   0.6|              0.6|                1|      0.75|    1400| 9.675337| 0.9179232| 5.479798| 0.2518025|  0.0040306| 0.0421163|
|52  | 0.05|         9|   0.7|              0.6|                1|      0.75|    1400| 9.772161| 0.9162916| 5.530605| 0.1927072|  0.0029199| 0.0195109|
|67  | 0.05|         9|   0.8|              0.6|                1|      0.75|    1400| 9.717493| 0.9172120| 5.505129| 0.1961106|  0.0031687| 0.0165960|
|82  | 0.05|         9|   0.9|              0.6|                1|      0.75|    1400| 9.731936| 0.9169514| 5.533117| 0.2509787|  0.0038915| 0.0323938|
|97  | 0.05|         9|   1.0|              0.6|                1|      0.75|    1400| 9.697695| 0.9175239| 5.511233| 0.2075133|  0.0031579| 0.0253281|
|8   | 0.05|         9|   0.1|              0.6|                1|      0.75|    1600| 9.682391| 0.9177924| 5.484909| 0.3002156|  0.0047816| 0.0646285|
|23  | 0.05|         9|   0.5|              0.6|                1|      0.75|    1600| 9.730050| 0.9169657| 5.493711| 0.2764056|  0.0043295| 0.0337396|
|38  | 0.05|         9|   0.6|              0.6|                1|      0.75|    1600| 9.676115| 0.9179094| 5.477638| 0.2513951|  0.0040207| 0.0417843|
|53  | 0.05|         9|   0.7|              0.6|                1|      0.75|    1600| 9.774441| 0.9162515| 5.529767| 0.1912922|  0.0028886| 0.0200664|
|68  | 0.05|         9|   0.8|              0.6|                1|      0.75|    1600| 9.717463| 0.9172125| 5.503421| 0.1920634|  0.0030919| 0.0148953|
|83  | 0.05|         9|   0.9|              0.6|                1|      0.75|    1600| 9.735387| 0.9168909| 5.533255| 0.2557429|  0.0039756| 0.0360735|
|98  | 0.05|         9|   1.0|              0.6|                1|      0.75|    1600| 9.698656| 0.9175055| 5.510406| 0.2115273|  0.0032248| 0.0266352|
|9   | 0.05|         9|   0.1|              0.6|                1|      0.75|    1800| 9.685884| 0.9177307| 5.483465| 0.3034510|  0.0048310| 0.0667521|
|24  | 0.05|         9|   0.5|              0.6|                1|      0.75|    1800| 9.731174| 0.9169461| 5.491734| 0.2768850|  0.0043397| 0.0330538|
|39  | 0.05|         9|   0.6|              0.6|                1|      0.75|    1800| 9.681373| 0.9178206| 5.478931| 0.2487700|  0.0039691| 0.0425885|
|54  | 0.05|         9|   0.7|              0.6|                1|      0.75|    1800| 9.775080| 0.9162407| 5.529449| 0.1898028|  0.0028556| 0.0195801|
|69  | 0.05|         9|   0.8|              0.6|                1|      0.75|    1800| 9.718596| 0.9171938| 5.503705| 0.1929980|  0.0030986| 0.0136179|
|84  | 0.05|         9|   0.9|              0.6|                1|      0.75|    1800| 9.737450| 0.9168529| 5.532523| 0.2581188|  0.0040169| 0.0376215|
|99  | 0.05|         9|   1.0|              0.6|                1|      0.75|    1800| 9.698392| 0.9175095| 5.508007| 0.2158501|  0.0032994| 0.0286638|
|10  | 0.05|         9|   0.1|              0.6|                1|      0.75|    2000| 9.687869| 0.9176967| 5.482626| 0.3036132|  0.0048266| 0.0679670|
|25  | 0.05|         9|   0.5|              0.6|                1|      0.75|    2000| 9.733163| 0.9169118| 5.491850| 0.2751903|  0.0043090| 0.0346096|
|40  | 0.05|         9|   0.6|              0.6|                1|      0.75|    2000| 9.680351| 0.9178357| 5.477138| 0.2519012|  0.0040211| 0.0426360|
|55  | 0.05|         9|   0.7|              0.6|                1|      0.75|    2000| 9.773347| 0.9162709| 5.528029| 0.1943057|  0.0029363| 0.0171250|
|70  | 0.05|         9|   0.8|              0.6|                1|      0.75|    2000| 9.716740| 0.9172250| 5.501829| 0.1959216|  0.0031457| 0.0146841|
|85  | 0.05|         9|   0.9|              0.6|                1|      0.75|    2000| 9.740492| 0.9168004| 5.533262| 0.2598661|  0.0040507| 0.0376595|
|100 | 0.05|         9|   1.0|              0.6|                1|      0.75|    2000| 9.698710| 0.9175042| 5.506736| 0.2157490|  0.0032995| 0.0294077|
|11  | 0.05|         9|   0.1|              0.6|                1|      0.75|    2200| 9.689461| 0.9176693| 5.482345| 0.3040661|  0.0048384| 0.0681182|
|26  | 0.05|         9|   0.5|              0.6|                1|      0.75|    2200| 9.738244| 0.9168243| 5.494101| 0.2731952|  0.0042756| 0.0355051|
|41  | 0.05|         9|   0.6|              0.6|                1|      0.75|    2200| 9.680046| 0.9178385| 5.476717| 0.2514735|  0.0040155| 0.0426503|
|56  | 0.05|         9|   0.7|              0.6|                1|      0.75|    2200| 9.773033| 0.9162767| 5.528678| 0.1965853|  0.0029795| 0.0152540|
|71  | 0.05|         9|   0.8|              0.6|                1|      0.75|    2200| 9.716623| 0.9172248| 5.501633| 0.1980937|  0.0031797| 0.0156315|
|86  | 0.05|         9|   0.9|              0.6|                1|      0.75|    2200| 9.739114| 0.9168226| 5.532321| 0.2623333|  0.0040934| 0.0378143|
|101 | 0.05|         9|   1.0|              0.6|                1|      0.75|    2200| 9.699515| 0.9174891| 5.506958| 0.2170908|  0.0033180| 0.0307278|
|12  | 0.05|         9|   0.1|              0.6|                1|      0.75|    2400| 9.691418| 0.9176356| 5.483658| 0.3060794|  0.0048712| 0.0694752|
|27  | 0.05|         9|   0.5|              0.6|                1|      0.75|    2400| 9.738777| 0.9168125| 5.495117| 0.2754729|  0.0043081| 0.0386406|
|42  | 0.05|         9|   0.6|              0.6|                1|      0.75|    2400| 9.679934| 0.9178399| 5.476541| 0.2524429|  0.0040299| 0.0434214|
|57  | 0.05|         9|   0.7|              0.6|                1|      0.75|    2400| 9.771669| 0.9162986| 5.527413| 0.1999637|  0.0030383| 0.0140354|
|72  | 0.05|         9|   0.8|              0.6|                1|      0.75|    2400| 9.718032| 0.9172013| 5.501457| 0.1953863|  0.0031349| 0.0156652|
|87  | 0.05|         9|   0.9|              0.6|                1|      0.75|    2400| 9.741536| 0.9167781| 5.532981| 0.2628618|  0.0041005| 0.0372234|
|102 | 0.05|         9|   1.0|              0.6|                1|      0.75|    2400| 9.698114| 0.9175124| 5.505856| 0.2180742|  0.0033357| 0.0306945|
|13  | 0.05|         9|   0.1|              0.6|                1|      0.75|    2600| 9.688347| 0.9176859| 5.481352| 0.3073486|  0.0048891| 0.0707731|
|28  | 0.05|         9|   0.5|              0.6|                1|      0.75|    2600| 9.741590| 0.9167619| 5.495328| 0.2759564|  0.0043101| 0.0399927|
|43  | 0.05|         9|   0.6|              0.6|                1|      0.75|    2600| 9.681469| 0.9178151| 5.477739| 0.2520600|  0.0040174| 0.0432906|
|58  | 0.05|         9|   0.7|              0.6|                1|      0.75|    2600| 9.773887| 0.9162625| 5.528941| 0.1975103|  0.0029958| 0.0130382|
|73  | 0.05|         9|   0.8|              0.6|                1|      0.75|    2600| 9.720682| 0.9171550| 5.502386| 0.1921298|  0.0030775| 0.0131855|
|88  | 0.05|         9|   0.9|              0.6|                1|      0.75|    2600| 9.743990| 0.9167353| 5.533540| 0.2639798|  0.0041248| 0.0368454|
|103 | 0.05|         9|   1.0|              0.6|                1|      0.75|    2600| 9.699765| 0.9174839| 5.507313| 0.2218921|  0.0034000| 0.0334305|
|14  | 0.05|         9|   0.1|              0.6|                1|      0.75|    2800| 9.690667| 0.9176476| 5.482597| 0.3022106|  0.0047993| 0.0692566|
|29  | 0.05|         9|   0.5|              0.6|                1|      0.75|    2800| 9.742416| 0.9167468| 5.496846| 0.2817901|  0.0044109| 0.0424495|
|44  | 0.05|         9|   0.6|              0.6|                1|      0.75|    2800| 9.682561| 0.9177965| 5.477466| 0.2497232|  0.0039754| 0.0420566|
|59  | 0.05|         9|   0.7|              0.6|                1|      0.75|    2800| 9.773303| 0.9162737| 5.528174| 0.1955088|  0.0029651| 0.0140176|
|74  | 0.05|         9|   0.8|              0.6|                1|      0.75|    2800| 9.720211| 0.9171642| 5.503210| 0.1896638|  0.0030369| 0.0123056|
|89  | 0.05|         9|   0.9|              0.6|                1|      0.75|    2800| 9.742319| 0.9167639| 5.532817| 0.2661785|  0.0041586| 0.0382731|
|104 | 0.05|         9|   1.0|              0.6|                1|      0.75|    2800| 9.702981| 0.9174278| 5.509149| 0.2212096|  0.0033851| 0.0342760|
|15  | 0.05|         9|   0.1|              0.6|                1|      0.75|    3000| 9.694905| 0.9175748| 5.483721| 0.3020979|  0.0048001| 0.0681785|
|30  | 0.05|         9|   0.5|              0.6|                1|      0.75|    3000| 9.744325| 0.9167132| 5.498016| 0.2851799|  0.0044668| 0.0450466|
|45  | 0.05|         9|   0.6|              0.6|                1|      0.75|    3000| 9.680267| 0.9178342| 5.477583| 0.2498184|  0.0039783| 0.0418491|
|60  | 0.05|         9|   0.7|              0.6|                1|      0.75|    3000| 9.773885| 0.9162619| 5.528500| 0.1975696|  0.0030076| 0.0117798|
|75  | 0.05|         9|   0.8|              0.6|                1|      0.75|    3000| 9.724769| 0.9170871| 5.506282| 0.1914637|  0.0030746| 0.0143683|
|90  | 0.05|         9|   0.9|              0.6|                1|      0.75|    3000| 9.740482| 0.9167944| 5.532518| 0.2651184|  0.0041451| 0.0348910|
|105 | 0.05|         9|   1.0|              0.6|                1|      0.75|    3000| 9.704860| 0.9173952| 5.509913| 0.2204872|  0.0033706| 0.0345374|
